  -2.4637739780431733e-01
  -2.4637737036795021e-01
  -2.4637740317515827e-01
  -2.4637736213227834e-01
  -2.4637736217004985e-01
  -2.4637741480077946e-01
  -2.4637735246864897e-01
  -2.4637739609871412e-01
  -2.4637732879994617e-01
  -2.4637732051326000e-01
  -2.5200076490760726e-01
  -2.5200074732755695e-01
  -2.5200076071820515e-01
  -2.5200072647867477e-01
  -2.5200073143607304e-01
  -2.5200078585157770e-01
  -2.5200072703586579e-01
  -2.5200080829392973e-01
  -2.5200082162860304e-01
  -2.5200067934290510e-01
  -1.0939822580780689e-01
  -1.0939820526837257e-01
  -7.2051280920276184e-02
  -2.2672553850931815e-01
  -2.2672553829869735e-01
  -2.2672552914751493e-01
  -2.2672552227118581e-01
  -2.2672553560260242e-01
  -2.2672552723120687e-01
  -2.2672553228183639e-01
  -2.2672550982714873e-01
  -2.2672551093234053e-01
  -2.2672550896999999e-01
  -1.4658304978056583e-01
  -1.4658307661829251e-01
  -1.4658308590671293e-01
  -1.4658302661888639e-01
  -1.4658308545234316e-01
  -1.4658301665090831e-01
  -1.4658299425477705e-01
  -1.4658308443304474e-01
  -1.4658316958842610e-01
  -1.4658320693448618e-01
  -1.3489562432116339e-01
  -1.9704312293481679e-01
  -1.9704295589363852e-01
  -1.1771722192779313e-01
  -1.2271825496785277e-01
  -2.5592531282446429e-01
  -2.5592529608685222e-01
  -2.5592527153084704e-01
  -2.5592527117524000e-01
  -2.5592526178065383e-01
  -2.5592525776630148e-01
  -2.5592531907146282e-01
  -2.5592526367133811e-01
  -2.5592531083368875e-01
  -2.5592532174066929e-01
  -1.1205397811084514e-01
  -1.0930269792474936e-01
  -2.0490259106345701e-01
  -8.4598237847202912e-02
  -1.0812971004743427e-01
  -1.6056380584403124e-01
  -2.6560615776192187e-01
  -2.6560614448965025e-01
  -2.6560616045425667e-01
  -2.6560613667837535e-01
  -2.6560613620693024e-01
  -2.6560612792420990e-01
  -2.6560612840087600e-01
  -2.6560622073050366e-01
  -2.6560627567509509e-01
  -2.6560596347829712e-01
  -2.0326744566979191e-01
  -2.0326745112317596e-01
  -2.0326744853235773e-01
  -2.0326745898121482e-01
  -2.0326743906735814e-01
  -2.0326743795960628e-01
  -2.0326742448299023e-01
  -2.0326742444169218e-01
  -2.0326744721811571e-01
  -2.0326737320500476e-01
  -9.1944206534309014e-02
  -2.0032127010194248e-01
  -2.0032127327281926e-01
  -2.0032128987138867e-01
  -2.0032127932863306e-01
  -2.0032129080461691e-01
  -2.0032130892083885e-01
  -2.0032130645831336e-01
  -2.0032129909807936e-01
  -2.0032119143490987e-01
  -2.0032131537518544e-01
  -9.6189041335565023e-02
  -1.0456380885888966e-01
  -1.1799416211150976e-01
  -8.8683208806934949e-02
  -2.1124492594014149e-01
  -2.1124524767532166e-01
  -1.5792486657407190e-01
  -6.1283355555704855e-02
  -1.7491875195123927e-01
  -1.7491874404882790e-01
  -1.7491874431520626e-01
  -1.7491877023681257e-01
  -1.7491870637306253e-01
  -1.7491871393298727e-01
  -1.7491876859944075e-01
  -1.7491878116015244e-01
  -1.7491876368113576e-01
  -1.7491872237557510e-01
  -1.8653506071564513e-01
  -1.8653506161638103e-01
  -1.8653507061963404e-01
  -1.8653504970460794e-01
  -1.8653504704554308e-01
  -1.8653506958513985e-01
  -1.8653504523925887e-01
  -1.8653507593414159e-01
  -1.8653507845463391e-01
  -1.8653516125597092e-01
  -2.2651403947292742e-01
  -2.2651401931699072e-01
  -2.2651402329479103e-01
  -2.2651402747501659e-01
  -2.2651401860846040e-01
  -2.2651403478659735e-01
  -2.2651402504574675e-01
  -2.2651401210340028e-01
  -2.2651408082722244e-01
  -2.2651414091478422e-01
  -2.2139470577157416e-01
  -2.2139474884760069e-01
  -2.2139473779201588e-01
  -2.2139478159423076e-01
  -2.2139479734658801e-01
  -2.2139481614850884e-01
  -2.2139462872758983e-01
  -2.2139485631478190e-01
  -2.2139459116794702e-01
  -2.2139486239829695e-01
  -1.6062538302290350e-01
  -1.5364670573337763e-01
  -3.5402028951743714e-03
  -1.0603922718440706e-01
  -2.7578621346296228e-01
  -2.7578622123200797e-01
  -2.7578618424945045e-01
  -2.7578621185879076e-01
  -2.7578620932936659e-01
  -2.7578608086619033e-01
  -2.7578620396322978e-01
  -2.7578597370385882e-01
  -2.7578636415810803e-01
  -2.7578653630142214e-01
  -1.7482664281720178e-01
  -1.7482663751479266e-01
  -1.7482662640810120e-01
  -1.7482664373253629e-01
  -1.7482663173834342e-01
  -1.7482664422745126e-01
  -1.7482662729690768e-01
  -1.7482662590796832e-01
  -1.7482663881097221e-01
  -1.7482664387473384e-01
  -1.4969436868119718e-01
  -1.4969438002356461e-01
  -1.4969440991135299e-01
  -1.0735676479226783e-01
  -1.0735693986014277e-01
  -1.0717061781423623e-01
  -1.5085873102389014e-01
  -1.9113593503325463e-01
  -1.9113593493669667e-01
  -1.9113592890595152e-01
  -1.9113594116055732e-01
  -1.9113591846256270e-01
  -1.9113591836600474e-01
  -1.9113593521915870e-01
  -1.9113593728869854e-01
  -1.9113591207693759e-01
  -1.9113595805477912e-01
  -9.6533361428311759e-02
  -9.9948417247233551e-02
  -1.3114740544997261e-01
  -2.2901882417803177e-01
  -2.2901881042907973e-01
  -2.2901881367939469e-01
  -2.2901883583625010e-01
  -2.2901880594473345e-01
  -2.2901881120889644e-01
  -2.2901879049813340e-01
  -2.2901880936971608e-01
  -2.2901880529069266e-01
  -2.2901876599655341e-01
  -1.9598044430809919e-01
  -1.9598043243578792e-01
  -1.9598043239311513e-01
  -1.9598042745367575e-01
  -1.9598044903417430e-01
  -1.9598040549712584e-01
  -1.9598049561581407e-01
  -1.9598038375758461e-01
  -1.9598036272418015e-01
  -1.9598046734471336e-01
  -1.5428321842735088e-01
  -1.3730856388389151e-01
  -2.4680488141233203e-01
  -2.4680488431599906e-01
  -2.4680490312153744e-01
  -2.4680488812848483e-01
  -2.4680487228867276e-01
  -2.4680487293998526e-01
  -2.4680487968716849e-01
  -2.4680487578159188e-01
  -2.4680487825115885e-01
  -2.4680489339936312e-01
  -1.4693023563973581e-01
  -5.7824163488389091e-02
  -9.9251864392276512e-02
  -1.9678533566686526e-01
  -1.9678532459335454e-01
  -1.9678532988564842e-01
  -1.9678532883665659e-01
  -1.9678533556551847e-01
  -1.9678531979356509e-01
  -1.9678533875982845e-01
  -1.9678532788901157e-01
  -1.9678534450726320e-01
  -1.9678535784524809e-01
  -2.2186087415989625e-01
  -2.2186087707369573e-01
  -2.2186086455966306e-01
  -2.2186086838804384e-01
  -2.2186085160157290e-01
  -2.2186088620340427e-01
  -2.2186086245012415e-01
  -2.2186084802229269e-01
  -2.2186084577436471e-01
  -2.2186086605708161e-01
  -1.7687600837905906e-01
  -1.7687601413434681e-01
  -1.7687601318564808e-01
  -1.7687599796452100e-01
  -1.7687600355105088e-01
  -1.7687598679405470e-01
  -1.7687600764195618e-01
  -1.7687602235162173e-01
  -1.7687599640723356e-01
  -1.7687604770883908e-01
  -1.5386385141691400e-01
  -1.5386385139943293e-01
  -1.5386383518160107e-01
  -1.5386385205175374e-01
  -1.5386385657230414e-01
  -1.5386384791097599e-01
  -1.5386383719848620e-01
  -1.5386385304614281e-01
  -1.5386384887931484e-01
  -1.5386384336197606e-01
  -9.4021575965619997e-02
  -1.9594458448375476e-01
  -1.9594456402393270e-01
  -1.9594459168576439e-01
  -1.9594459163382674e-01
  -1.9594456978523508e-01
  -1.9594460042302961e-01
  -1.9594461775183811e-01
  -1.9594459041019718e-01
  -1.9594461101650371e-01
  -1.9594452896090095e-01
  -8.8223969277874126e-02
  -1.4449759680297702e-01
  -1.4449763408843252e-01
  -1.4600933638180222e-01
  -1.4182491253532933e-01
  -1.4182525954806455e-01
  -1.3050440477448377e-01
  -1.7475117525405112e-01
  -1.2030089547938966e-01
  -1.3296498895667314e-01
  -2.1210454129093756e-01
  -2.1210452556984852e-01
  -2.1210453162821824e-01
  -2.1210454037523391e-01
  -2.1210447531296783e-01
  -2.1210447830986612e-01
  -2.1210449094931649e-01
  -2.1210446180659992e-01
  -2.1210440111507706e-01
  -2.1210453536491342e-01
  -2.7453811499464059e-01
  -2.7453808314088590e-01
  -2.7453809007708790e-01
  -2.7453808039668864e-01
  -2.7453815209172616e-01
  -2.7453813263533666e-01
  -2.7453803395983695e-01
  -2.7453817390202728e-01
  -2.7453799999931749e-01
  -2.7453838469390457e-01
  -1.6389041092253603e-01
  -1.4182391090745189e-01
  -1.4182388662965922e-01
  -1.4182385898677849e-01
  -1.4182386099893379e-01
  -1.4182396189512009e-01
  -1.4182396309701104e-01
  -1.4182403966701185e-01
  -1.4182409923356978e-01
  -1.4182391261256930e-01
  -1.4182413297334043e-01
  -1.2328286211224029e-01
  -1.4343769605955795e-01
  -1.2583388410972793e-01
  -1.6073670281078303e-01
  -2.7347583271807580e-01
  -2.7347583967376110e-01
  -2.7347582576239016e-01
  -2.7347581448336500e-01
  -2.7347582926907976e-01
  -2.7347580110519831e-01
  -2.7347581516558689e-01
  -2.7347580153770812e-01
  -2.7347577970493120e-01
  -2.7347582813565807e-01
  -1.4123007578674629e-01
  -1.1498910820412750e-01
  -1.1498787460015905e-01
  -9.7677182090991688e-02
  -1.0867297650132865e-01
  -3.1522951672577065e-01
  -3.1522958940533119e-01
  -3.1522958775115933e-01
  -3.1522939371563857e-01
  -3.1522931215733357e-01
  -3.1522929602833361e-01
  -3.1522922003070569e-01
  -3.1522921840827539e-01
  -3.1522919939200977e-01
  -3.1522931399569815e-01
  -1.5276806850537866e-01
  -1.5276800405418509e-01
  -1.5276798902705058e-01
  -1.5276813276193743e-01
  -1.5276812876756835e-01
  -1.5276815332662830e-01
  -1.5276811669218804e-01
  -1.5276819046845083e-01
  -1.5276813010213663e-01
  -1.5276821426379411e-01
  -1.7239911486981416e-01
  -1.7239924634456033e-01
  -2.5489214948258576e-01
  -2.5489212807276057e-01
  -2.5489210854842576e-01
  -2.5489210416000696e-01
  -2.5489210138406743e-01
  -2.5489211096334841e-01
  -2.5489214429648643e-01
  -2.5489211321461624e-01
  -2.5489216723078734e-01
  -2.5489197802316665e-01
  -2.4075914587459271e-01
  -2.4075914322614594e-01
  -2.4075914077179816e-01
  -2.4075915886277172e-01
  -2.4075918180899669e-01
  -2.4075914417141053e-01
  -2.4075917767951480e-01
  -2.4075919868063070e-01
  -2.4075918441485400e-01
  -2.4075921373888803e-01
  -7.6696769160451150e-02
  -1.3969901963563197e-01
  -2.4330125553507334e-01
  -1.3525719259612914e-01
  -1.3525717597798334e-01
  -1.3525716325139134e-01
  -1.3525733938503312e-01
  -1.3525729454344443e-01
  -1.1800674607505193e-01
  -3.2024867391003442e-01
  -3.2024868755064351e-01
  -3.2024870643320291e-01
  -3.2024858359006853e-01
  -3.2024857346594021e-01
  -3.2024875155157012e-01
  -3.2024862921042874e-01
  -3.2024879164485565e-01
  -3.2024831011062488e-01
  -3.2024828983585807e-01
  -1.7261248168670421e-01
  -2.6458168309849811e-01
  -2.6458166375165626e-01
  -2.6458165505430198e-01
  -2.6458166041602471e-01
  -2.6458168332715859e-01
  -2.6458171751128212e-01
  -2.6458163536775386e-01
  -2.6458174037875137e-01
  -2.6458161579224881e-01
  -2.6458130152457388e-01
  -2.2983721484371478e-01
  -2.2983721087315945e-01
  -2.2983720455189305e-01
  -2.2983719066375030e-01
  -2.2983720455110140e-01
  -2.2983718816964105e-01
  -2.2983717831823317e-01
  -2.2983722551345409e-01
  -2.2983718161595301e-01
  -2.2983716821102251e-01
  -1.2517726113271685e-01
  -1.2517769456445038e-01
  -1.2517762720581885e-01
  -2.8339142524684036e-01
  -2.8339140334773033e-01
  -2.8339139089647553e-01
  -2.8339139091347221e-01
  -2.8339137507213263e-01
  -2.8339144625048496e-01
  -2.8339145820994421e-01
  -2.8339136063503828e-01
  -2.8339145999918169e-01
  -2.8339138485054582e-01
  -1.3848499381327403e-01
  -2.8239048545768825e-01
  -2.8239046649721922e-01
  -2.8239047702705594e-01
  -2.8239048726111715e-01
  -2.8239051687076083e-01
  -2.8239050992225512e-01
  -2.8239046686079683e-01
  -2.8239039165712676e-01
  -2.8239048743949402e-01
  -2.8239040217022532e-01
  -1.1241996744138033e-01
  -1.0225275962002434e-01
  -1.3297165438950379e-01
  -9.3008546371366546e-02
  -8.6794708239560675e-02
  -2.9369255942198591e-01
  -2.9369262024702647e-01
  -2.9369289222150341e-01
  -1.5854144307017340e-01
  -1.3057200843318559e-01
  -1.3830612362606523e-01
  -1.0804438362732319e-01
  -1.1024900734557985e-01
  -1.1024910584114828e-01
  -1.1024951893651749e-01
  -2.2818491712157379e-01
  -2.2818495310489051e-01
  -2.2818489579664153e-01
  -2.2818495480253684e-01
  -2.2818498163732462e-01
  -2.2818496892834753e-01
  -2.2818499253370761e-01
  -2.2818497128804438e-01
  -2.2818479639173406e-01
  -2.2818517667043026e-01
  -3.1287020583260433e-01
  -3.1287007925896126e-01
  -3.1287017999850486e-01
  -3.1286999293868845e-01
  -3.1286993643345379e-01
  -3.1286992416266318e-01
  -3.1287017296038255e-01
  -3.1286980198060754e-01
  -2.6115073685544643e-01
  -2.6115074473813787e-01
  -2.6115074158396240e-01
  -2.6115072717667787e-01
  -2.6115071495524311e-01
  -2.6115070799241119e-01
  -2.6115070715931704e-01
  -2.6115069332015839e-01
  -2.6115073847301618e-01
  -2.6115072021415636e-01
  -1.5174448733086829e-01
  -1.6330081898049778e-01
  -1.6330079547587917e-01
  -1.6330083003287335e-01
  -1.6330080404957714e-01
  -1.6330080807087646e-01
  -1.6330081774274877e-01
  -1.6330086329374224e-01
  -1.6330084519206259e-01
  -1.6330086329374224e-01
  -1.6330071373974486e-01
  -1.0419908474987225e-01
  -9.9067808400903651e-02
  -9.9067749850713094e-02
  -1.1033536925278600e-01
  -1.6040541171142531e-01
  -8.7408206446004749e-02
  -2.1169710799562183e-01
  -2.1169710151450050e-01
  -2.1169711374931732e-01
  -2.1169711984734901e-01
  -2.1169715955078888e-01
  -2.1169715310630569e-01
  -2.1169709272792242e-01
  -2.1169713343028496e-01
  -2.1169707329161935e-01
  -2.1169732218556486e-01
  -2.7562665240229400e-01
  -2.7562664782199620e-01
  -2.7562663587893649e-01
  -2.7562667868424784e-01
  -2.7562669715354748e-01
  -2.7562663198703913e-01
  -2.7562665261280939e-01
  -2.7562661935557692e-01
  -2.7562663872380305e-01
  -2.7562679970848242e-01
  -8.4072502879554173e-02
  -8.4072201150709652e-02
  -1.7651766783098591e-01
  -1.6396194749818885e-01
  -1.6396212564712290e-01
  -1.8835689586917032e-01
  -1.1413060853571386e-01
  -2.0349993871897995e-01
  -2.0349993335141850e-01
  -2.0349992597662001e-01
  -2.0349991113886939e-01
  -2.0349993104997099e-01
  -2.0349991179484087e-01
  -2.0349992294982927e-01
  -2.0349993492775564e-01
  -2.0349992611424281e-01
  -2.0349992486358251e-01
  -2.2219731077639845e-01
  -2.2219730076646349e-01
  -2.6280897651462670e-01
  -2.6280899205663644e-01
  -2.6280898270554898e-01
  -2.6280897117247293e-01
  -2.6280896774332885e-01
  -2.6280897299790862e-01
  -2.6280898364038091e-01
  -2.6280903382344606e-01
  -2.6280898613469222e-01
  -2.6280898083286386e-01
  -1.3633062150667644e-01
  -1.2956086793263238e-01
  -1.6149360053954143e-01
  -1.2949810648240220e-01
  -8.3492203790324460e-02
  -1.6658963044962297e-01
  -2.4149593573674288e-01
  -2.4149592373544948e-01
  -2.4149591572964052e-01
  -2.4149591576338811e-01
  -2.4149591892915420e-01
  -2.4149592446994517e-01
  -2.4149594323614565e-01
  -2.4149593486202803e-01
  -2.4149593126860022e-01
  -2.4149586435699971e-01
  -2.2033544082774753e-01
  -2.2033543991286644e-01
  -2.2033541543450041e-01
  -2.2033541996476164e-01
  -2.2033541892676473e-01
  -2.2033543239483772e-01
  -2.2033540606753951e-01
  -2.2033544138001093e-01
  -2.2033545244378169e-01
  -2.2033538313776760e-01
  -2.3804605403017262e-01
  -2.3804604138588670e-01
  -2.3804603326032869e-01
  -2.3804602393159208e-01
  -2.3804603416952130e-01
  -2.3804601549190077e-01
  -2.3804605371333465e-01
  -2.3804607392402644e-01
  -2.3804600316445296e-01
  -2.3804586055811847e-01
  -1.7021880684813992e-01
  -1.1556961999141330e-01
  -2.8979326946797762e-01
  -2.8979328095367418e-01
  -2.8979324589019650e-01
  -2.8979328287685757e-01
  -2.8979326820856771e-01
  -2.8979321457979018e-01
  -2.8979322297132981e-01
  -2.8979321467411906e-01
  -2.8979320942927533e-01
  -2.8979320611350667e-01
  -1.9131086811272324e-01
  -2.0660490634022993e-01
  -2.0660491342702106e-01
  -2.0660491301505579e-01
  -2.0660491750182064e-01
  -2.0660491602704753e-01
  -2.0660492068958153e-01
  -2.0660486773209388e-01
  -2.0660495274843743e-01
  -2.0660485639675336e-01
  -2.0660495268533349e-01
  -1.6600124832769697e-01
  -1.6600125333610410e-01
  -1.6600124638222033e-01
  -1.6600123971465600e-01
  -1.6600122472556245e-01
  -1.6600127866220979e-01
  -1.6600129673920952e-01
  -1.6600131112754232e-01
  -1.6600133126252398e-01
  -1.6600145544104089e-01
  -1.5802564028766036e-01
  -2.1239031293612609e-01
  -2.1239030616899096e-01
  -2.1239031595018207e-01
  -2.1239032582409917e-01
  -2.1239030710563300e-01
  -2.1239030303902717e-01
  -2.1239033184004485e-01
  -2.1239029636461818e-01
  -2.1239034391293582e-01
  -2.1239025699223302e-01
  -2.7264578790695676e-01
  -2.7264576044012900e-01
  -2.7264579660332772e-01
  -2.7264578003788742e-01
  -2.7264576429974752e-01
  -2.7264574612084830e-01
  -2.7264581610378169e-01
  -2.7264577638035198e-01
  -2.7264573379311319e-01
  -2.7264571007551136e-01
  -1.5884403455382981e-01
  -1.3392696449712910e-01
  -1.0901785437949310e-01
  -1.4220826407170647e-01
  -1.5636322720888549e-01
  -1.3445582476272483e-01
  -1.7431699470974321e-01
  -1.7431698951901239e-01
  -1.7431699036735945e-01
  -1.7431698000151322e-01
  -1.7431699162339717e-01
  -1.7431698429391923e-01
  -1.7431698518788560e-01
  -1.7431699333549569e-01
  -1.7431699294380146e-01
  -1.7431698251553651e-01
  -2.8022598710175606e-01
  -2.8022597095404123e-01
  -2.8022596747514184e-01
  -2.8022595102168063e-01
  -2.8022595197852107e-01
  -2.8022593625083808e-01
  -2.8022593037038313e-01
  -2.8022592643985750e-01
  -2.8022595262222505e-01
  -2.8022597591297471e-01
  -2.0853674187126967e-01
  -2.0853668197621539e-01
  -2.6864797613321240e-01
  -2.6864797587215156e-01
  -2.6864796188493789e-01
  -2.6864797653519645e-01
  -2.6864795953286674e-01
  -2.6864795868286684e-01
  -2.6864795085934601e-01
  -2.6864797691895781e-01
  -2.6864792636744383e-01
  -2.6864791389327786e-01
  -3.3291815234977373e-02
  -2.4035141234388244e-01
  -2.4035140707811747e-01
  -2.4035140307533270e-01
  -2.4035139445768663e-01
  -2.4035139647088202e-01
  -2.4035140396566423e-01
  -2.4035142824615041e-01
  -2.4035140732625832e-01
  -2.4035143399148801e-01
  -2.4035150052925669e-01
  -1.3516641373504690e-01
  -2.6156255566185593e-01
  -2.6156256591264615e-01
  -2.6156255566185593e-01
  -2.6156254576473104e-01
  -2.6156260088830963e-01
  -2.6156255749971841e-01
  -2.6156264323098510e-01
  -2.6156252073446773e-01
  -2.6156261513164936e-01
  -2.6156260424817418e-01
  -1.8629590607373200e-01
  -1.8629588864698532e-01
  -1.8629587983151999e-01
  -1.8629588872523120e-01
  -1.8629594002949046e-01
  -1.8629594954335277e-01
  -1.8629583873573116e-01
  -1.8629595352547340e-01
  -1.8629587943164350e-01
  -1.8629591570381587e-01
  -1.1065530459924955e-01
  -1.7965331141025362e-01
  -1.7965331700274545e-01
  -1.7965330755116038e-01
  -1.7965330180932954e-01
  -1.7965330961012776e-01
  -1.7965331531065254e-01
  -1.7965330494523604e-01
  -1.7965329711690087e-01
  -1.7965329715820652e-01
  -1.7965330726413595e-01
  -1.7141368311194471e-01
  -2.5296120996685689e-01
  -2.5296122599964732e-01
  -2.5296120443676678e-01
  -2.5296121376049796e-01
  -2.5296119267206080e-01
  -2.5296120605484762e-01
  -2.5296120692307217e-01
  -2.5296118418121982e-01
  -2.5296117320407208e-01
  -2.5296124042399959e-01
  -2.3268892393490032e-01
  -2.3268892573649999e-01
  -2.3268891418702128e-01
  -2.3268893751492939e-01
  -2.3268894284800001e-01
  -2.3268891161872785e-01
  -2.3268894266396234e-01
  -2.3268891740970027e-01
  -2.3268888433391077e-01
  -2.3268886080951035e-01
  -2.2727320307703908e-01
  -2.2727321826636060e-01
  -2.2727323218988077e-01
  -2.2727320593877320e-01
  -2.2727323561115337e-01
  -2.2727323703869162e-01
  -2.2727317103005656e-01
  -2.2727326805592693e-01
  -2.2727327776020612e-01
  -2.2727328523898380e-01
  -7.8554007611567500e-02
  -8.2624530865089196e-02
  -2.1755366039643381e-01
  -2.1755366965126410e-01
  -2.1755366407460475e-01
  -2.1755366024527789e-01
  -2.1755366876072152e-01
  -2.1755365293791873e-01
  -2.1755365094006224e-01
  -2.1755364472618904e-01
  -2.1755366868374082e-01
  -2.1755365467002125e-01
  -7.2725288237301178e-02
  -7.2725681179621304e-02
  -1.7312048954612436e-01
  -2.9216638122726235e-01
  -2.9216637668185086e-01
  -2.9216635629898186e-01
  -2.9216636238938903e-01
  -2.9216646963106441e-01
  -2.9216641804715004e-01
  -2.9216629664912741e-01
  -2.9216629257345056e-01
  -2.9216648428416475e-01
  -2.9216658984255778e-01
  -1.9938739508482031e-01
  -1.9938739421736421e-01
  -1.9938753587542654e-01
  -2.4022681726179662e-01
  -2.4022682532881817e-01
  -2.4022680789557485e-01
  -2.4022679432062566e-01
  -2.4022681393144413e-01
  -2.4022681214967712e-01
  -2.4022680111894429e-01
  -2.4022679661678670e-01
  -2.4022680710669519e-01
  -2.4022682784254124e-01
  -3.1489483930842899e-01
  -3.1489486448053039e-01
  -3.1489483824404152e-01
  -3.1489493580941330e-01
  -3.1489468578667357e-01
  -3.1489467213932415e-01
  -3.1489462620100300e-01
  -3.1489461049201650e-01
  -3.1489463415574881e-01
  -3.1489515320971440e-01
  -2.3561504295745256e-01
  -2.3561503141380719e-01
  -2.3561502284445957e-01
  -2.3561503892198848e-01
  -2.3561504890604806e-01
  -2.3561503927553523e-01
  -2.3561501618824404e-01
  -2.3561506165573248e-01
  -2.3561507617367394e-01
  -2.3561499466053334e-01
  -1.7393531586858629e-01
  -1.2376197291515445e-01
  -1.9283746742986169e-01
  -1.9283746740255497e-01
  -1.9283746292416407e-01
  -1.9283746293489171e-01
  -1.9283746103879298e-01
  -1.9283744195565647e-01
  -1.9283744497270489e-01
  -1.9283744715179757e-01
  -1.9283747004273519e-01
  -1.9283745665697349e-01
  -1.2789497840347466e-01
  -2.7732602961839870e-01
  -2.7732604851787956e-01
  -2.7732603490911140e-01
  -2.7732604159359131e-01
  -2.7732599318619811e-01
  -2.7732608538119757e-01
  -2.7732607629653744e-01
  -2.7732598333965486e-01
  -2.7732598503455608e-01
  -2.7732596183868463e-01
  -1.3168630522692312e-01
  -1.6355933865979774e-01
  -2.8762257527198631e-01
  -2.8762252550792139e-01
  -2.8762251809893175e-01
  -2.8762260760299785e-01
  -2.8762252038376429e-01
  -2.8762255725228314e-01
  -2.8762247505137101e-01
  -2.8762251057738292e-01
  -2.8762241914231634e-01
  -2.8762270768606218e-01
  -1.9926347733914204e-01
  -1.5012258795672975e-01
  -1.9436617155705363e-01
  -1.9436618055909943e-01
  -1.9436617225418573e-01
  -1.9436616688038169e-01
  -1.9436616457308900e-01
  -1.9436617818972093e-01
  -1.9436616562151862e-01
  -1.9436617097580605e-01
  -1.9436617948761759e-01
  -1.9436615097972124e-01
  -1.8637491306891626e-01
  -1.8637490807266610e-01
  -1.8637491913034776e-01
  -1.8637491388654723e-01
  -1.8637491390847957e-01
  -1.8637492076798076e-01
  -1.8637491475574888e-01
  -1.8637490633959791e-01
  -1.8637489782965166e-01
  -1.8637490098102710e-01
  -2.7678481954375611e-01
  -2.7678482281233824e-01
  -2.7678480927822735e-01
  -2.7678481705137492e-01
  -2.7678482906613905e-01
  -2.7678481000422239e-01
  -2.7678480163616487e-01
  -2.7678480673564060e-01
  -2.7678483703207418e-01
  -2.7678491670481747e-01
  -8.9350719296180076e-02
  -7.7478329856809414e-02
  -7.5843921809685300e-02
  -2.1516617583113368e-01
  -2.1516618850930064e-01
  -2.1516616881566131e-01
  -2.1516616893934348e-01
  -2.1516616701714958e-01
  -2.1516615140455625e-01
  -2.1516614753995306e-01
  -2.1516614753995306e-01
  -2.1516614834644748e-01
  -2.1516617604715810e-01
  -9.0383853934208391e-02
  -1.1138997772772569e-01
  -1.6841071588561687e-01
  -2.9642386641846147e-01
  -2.9642379837603855e-01
  -2.9642381978409160e-01
  -2.9642388048704765e-01
  -2.9642379125064516e-01
  -2.9642388825907567e-01
  -2.9642387518383206e-01
  -2.9642385534253302e-01
  -2.9642371961635894e-01
  -2.9642401351497372e-01
  -9.7209473827616216e-02
  -2.7787423311089243e-01
  -2.7787424583518994e-01
  -2.7787421999827677e-01
  -2.7787421955639141e-01
  -2.7787422131764117e-01
  -2.7787425415227301e-01
  -2.7787422049467098e-01
  -2.7787423502749675e-01
  -2.7787422454152100e-01
  -2.7787428215713711e-01
  -2.8102875187042375e-01
  -2.8102876319796316e-01
  -2.8102876514163422e-01
  -2.8102874752955731e-01
  -2.8102881974703731e-01
  -2.8102883182152699e-01
  -2.8102868067527786e-01
  -2.8102868356317184e-01
  -2.8102870865642315e-01
  -2.8102898565824841e-01
  -1.7642125287692273e-01
  -1.7642123595092879e-01
  -1.7642136470616637e-01
  -1.7642137703584410e-01
  -1.7642143705243646e-01
  -1.7642142847710832e-01
  -1.7642108833002151e-01
  -1.7642146445467041e-01
  -1.7642149512881308e-01
  -1.7642101449741113e-01
  -2.1383283757221055e-01
  -2.1383282330306122e-01
  -2.1383282933573233e-01
  -2.1383281802429155e-01
  -2.1383281799001858e-01
  -2.1383283880593362e-01
  -2.1383280795906293e-01
  -2.1383280771915253e-01
  -2.1383281605845073e-01
  -2.1383281386713310e-01
  -8.2196357828960509e-02
  -2.6567668397565369e-01
  -2.6567665656229161e-01
  -2.6567665983824212e-01
  -2.6567664829659787e-01
  -2.6567664501099469e-01
  -2.6567665705163457e-01
  -2.6567665486780351e-01
  -2.6567666345251661e-01
  -2.6567663730043151e-01
  -2.6567671666018311e-01
  -1.3678466206937925e-01
  -2.6347789849995673e-01
  -2.6347788045249304e-01
  -2.6347786839079612e-01
  -2.6347786890813407e-01
  -2.6347786801219764e-01
  -2.6347789240106290e-01
  -2.6347785031727811e-01
  -2.6347784574478295e-01
  -2.6347795365637694e-01
  -2.6347792855745583e-01
  -1.2001839139868803e-01
  -1.1120462967182471e-01
  -1.1120550217622041e-01
  -1.1120409458017647e-01
  -2.7480872753849733e-01
  -2.7480875369082175e-01
  -2.7480872472504336e-01
  -2.7480873431762892e-01
  -2.7480866371929197e-01
  -2.7480865689842471e-01
  -2.7480865113649711e-01
  -2.7480867064913328e-01
  -2.7480880626008225e-01
  -2.7480864538830307e-01
  -8.6708744742025667e-02
  -6.9457014266563866e-02
  -2.6794352476300237e-01
  -2.6794349948330032e-01
  -2.6794349948330032e-01
  -2.6794353291718487e-01
  -2.6794353895442991e-01
  -2.6794345903368588e-01
  -2.6794346539553859e-01
  -2.6794356122362628e-01
  -2.6794359310156851e-01
  -2.6794365820795751e-01
  -2.2936651052234835e-01
  -2.2936651292980437e-01
  -2.2936650177708551e-01
  -2.2936653079673000e-01
  -2.2936651533418567e-01
  -2.2936645063731770e-01
  -2.2936651483524934e-01
  -2.2936643709889501e-01
  -2.2936650709463793e-01
  -2.2936650753077090e-01
  -5.7370015259676499e-02
  -5.7370078933567215e-02
  -8.1749343169634503e-02
  -1.5766913749282080e-01
  -7.8273808693773483e-02
  -8.6515463422009969e-02
  -2.5350177813226660e-01
  -2.5350177876678015e-01
  -2.5350176711044570e-01
  -2.5350177845367128e-01
  -2.5350176993638956e-01
  -2.5350175551543963e-01
  -2.5350183608723426e-01
  -2.5350183180762970e-01
  -2.5350188881496472e-01
  -2.5350168100111214e-01
  -2.7418111564814862e-01
  -2.7418110609209062e-01
  -2.7418112603819045e-01
  -2.7418113349938644e-01
  -2.7418114388942538e-01
  -2.7418107558463084e-01
  -2.7418109091411957e-01
  -2.7418113097763458e-01
  -2.7418107064105784e-01
  -2.7418104069241134e-01
  -2.3691350518001003e-01
  -2.3691351711168018e-01
  -2.3691349961565109e-01
  -2.3691351837183156e-01
  -2.3691350326342955e-01
  -2.3691352089337747e-01
  -2.3691349390352492e-01
  -2.3691348935111117e-01
  -2.3691351177305275e-01
  -2.3691347544168667e-01
  -1.8739323962306184e-01
  -1.8739322799554614e-01
  -1.8739323945256711e-01
  -1.8739322982288581e-01
  -1.8739323467063793e-01
  -1.8739322797863833e-01
  -1.8739325359585340e-01
  -1.8739323680011763e-01
  -1.8739323103275807e-01
  -1.8739326212033472e-01
  -2.4095077663750356e-01
  -2.4095075976960678e-01
  -2.4095074720634085e-01
  -2.4095075027652824e-01
  -2.4095074404198108e-01
  -2.4095074673468553e-01
  -2.4095074465920319e-01
  -2.4095078801772080e-01
  -2.4095079500643224e-01
  -2.4095083369092368e-01
  -2.7017398494649131e-01
  -2.7017398250397168e-01
  -2.7017397495016304e-01
  -2.7017396983887421e-01
  -2.7017396779244929e-01
  -2.7017396058656273e-01
  -2.7017399753301902e-01
  -2.7017395832994717e-01
  -2.7017400272459513e-01
  -2.7017406112392539e-01
  -1.9025600199394144e-02
  -2.0554824271950412e-01
  -2.0554832925908567e-01
  -1.5246683714049383e-01
  -1.4178669805436683e-01
  -8.3619516286615347e-02
  -1.0077903139846545e-01
  -1.7437749267623856e-01
  -2.9281970437460414e-01
  -2.9281967427763450e-01
  -2.9281966616347888e-01
  -2.9281966905519768e-01
  -2.9281965589917819e-01
  -2.9281965859585868e-01
  -2.9281973933282640e-01
  -2.9281966252049368e-01
  -2.9281978671989672e-01
  -2.9281983128263150e-01
  -8.0608415196731009e-02
  -6.5476927216322200e-02
  -2.7352019239692987e-01
  -2.7352014164714872e-01
  -2.7352013635305283e-01
  -2.7352012270356257e-01
  -2.7352012848426205e-01
  -2.7352017742786888e-01
  -2.7352011553213357e-01
  -2.7352014825571180e-01
  -2.7352009353139084e-01
  -2.7352011592508130e-01
  -1.4118367810408239e-01
  -1.0652485060215494e-01
  -2.6307789928205016e-01
  -2.6307790038809781e-01
  -2.6307789597989328e-01
  -2.6307788090170797e-01
  -2.6307786606543804e-01
  -2.6307785966050057e-01
  -2.6307786097612695e-01
  -2.6307784882521762e-01
  -2.6307791871221531e-01
  -2.6307785344828327e-01
  -1.0978545775864734e-01
  -1.0978506471481519e-01
  -2.4245917066746359e-01
  -2.4245916776381521e-01
  -2.4245915852613617e-01
  -2.4245915070977622e-01
  -2.4245915555471564e-01
  -2.4245916624083846e-01
  -2.4245918458065216e-01
  -2.4245917175765863e-01
  -2.4245917142858611e-01
  -2.4245910502586770e-01
  -1.2148471809448735e-01
  -7.4472305722482202e-02
  -8.9134250276365040e-02
  -1.5667164628895763e-01
  -2.9879373718221747e-01
  -2.9879372876273613e-01
  -2.9879374447606649e-01
  -2.9879372250554215e-01
  -2.9879373219177424e-01
  -2.9879373134591669e-01
  -2.9879369236692216e-01
  -2.9879387767332588e-01
  -2.9879370338050187e-01
  -2.9879394653928409e-01
  -1.2284720292277859e-01
  -1.3882713025245383e-01
  -2.2264882401423988e-01
  -2.2264882387170781e-01
  -2.2264883675234753e-01
  -2.2264882767333116e-01
  -2.2264880999944564e-01
  -2.2264883019826892e-01
  -2.2264881242936241e-01
  -2.2264880819110161e-01
  -2.2264880894516981e-01
  -2.2264878697823914e-01
  -2.8192590249746036e-01
  -2.8192588444892513e-01
  -2.8192587164914173e-01
  -2.8192586738135544e-01
  -2.8192597250522144e-01
  -2.8192584101806845e-01
  -2.8192582941293315e-01
  -2.8192583129670651e-01
  -2.8192554011202620e-01
  -2.8192642904722887e-01
  -2.2855536190584430e-01
  -2.2855537562226461e-01
  -2.2855539578071235e-01
  -2.2855539355912438e-01
  -2.2855533531819838e-01
  -2.2855540530470941e-01
  -2.2855536525056605e-01
  -2.2855542127073347e-01
  -2.2855530341415353e-01
  -2.2855528129602509e-01
  -2.8393882508225599e-01
  -2.8393876441591587e-01
  -2.8393884253568286e-01
  -2.8393879326057364e-01
  -2.8393885756722009e-01
  -2.8393889630730879e-01
  -2.8393884984005308e-01
  -2.8393890653541504e-01
  -2.8393843558410159e-01
  -7.8175054123205079e-02
  -7.8175019337773655e-02
  -7.8175084311802645e-02
  -7.8175118466913440e-02
  -1.0905802245941548e-01
  -7.5571678102768547e-02
  -2.2790748754548912e-01
  -2.2790749545090844e-01
  -2.2790750323233783e-01
  -2.2790748360237256e-01
  -2.2790748360237256e-01
  -2.2790748810894357e-01
  -2.2790746791552235e-01
  -2.2790751236946910e-01
  -2.2790749527214207e-01
  -2.2790753458684870e-01
  -2.1788509180105076e-01
  -2.1788507721321498e-01
  -2.1788506867249979e-01
  -2.1788508855310593e-01
  -2.1788506363324819e-01
  -2.1788506978523803e-01
  -2.1788507300760640e-01
  -2.1788507989836625e-01
  -2.1788508785808267e-01
  -2.1788510212389073e-01
  -1.3345622307338931e-01
  -1.9006873938004440e-01
  -1.2049769199205873e-01
  -1.2049759869388604e-01
  -1.2161888095867021e-01
  -6.9679070437637991e-02
  -6.9679169330534418e-02
  -2.6803604047221169e-01
  -2.6803602578350222e-01
  -2.6803601489623707e-01
  -2.6803600112046927e-01
  -2.6803597133374363e-01
  -2.6803599314969839e-01
  -2.6803602318068115e-01
  -2.6803603857860786e-01
  -2.6803584517025530e-01
  -2.6803615557113297e-01
  -6.8679504584278295e-02
  -2.7008379723237308e-01
  -2.7008378625526680e-01
  -2.7008378625526680e-01
  -2.7008382325796826e-01
  -2.7008377826316871e-01
  -2.7008377852792614e-01
  -2.7008382901373779e-01
  -2.7008380231719553e-01
  -2.7008379744720379e-01
  -2.7008393140454284e-01
  -2.4925440587312209e-01
  -2.4925440173381014e-01
  -2.4925441743010862e-01
  -2.4925445385121253e-01
  -2.4925442636670408e-01
  -2.4925445679354943e-01
  -2.4925442002702458e-01
  -2.4925445741387042e-01
  -2.4925441891943620e-01
  -2.4925446353650890e-01
  -1.2269744100520505e-01
  -1.2039014248973171e-01
  -2.5361839091924498e-01
  -2.5361836695427531e-01
  -2.5361836724185027e-01
  -2.5361836781094754e-01
  -2.5361836533258136e-01
  -2.5361835484903639e-01
  -2.5361835181279563e-01
  -2.5361834627105129e-01
  -2.5361838190588082e-01
  -2.5361822670858974e-01
  -3.1199001419334144e-01
  -3.1198999293430840e-01
  -3.1199000243063807e-01
  -3.1199008163429470e-01
  -3.1198994280896147e-01
  -3.1198991440553620e-01
  -3.1199017285287028e-01
  -3.1199009306332043e-01
  -3.1198999407904265e-01
  -1.2850820432085597e-01
  -2.9286356240179834e-01
  -2.9286360370323689e-01
  -2.9286355242602746e-01
  -2.9286356514642253e-01
  -2.9286357106972272e-01
  -2.9286354387346336e-01
  -2.9286350779224579e-01
  -2.9286366580891432e-01
  -2.9286374957585115e-01
  -2.9286353791150077e-01
  -5.5946409335108416e-02
  -1.0456260737596004e-01
  -2.6957747211081490e-01
  -2.6957745457148014e-01
  -2.6957744860431715e-01
  -2.6957744443743459e-01
  -2.6957748827392508e-01
  -2.6957741280657488e-01
  -2.6957741748311198e-01
  -2.6957744168499442e-01
  -2.6957745861454796e-01
  -2.6957750747557596e-01
  -1.4531096094895019e-01
  -1.4009116468464167e-01
  -1.4009118149994298e-01
  -1.2256274264349626e-01
  -2.6978409102953393e-01
  -2.6978408271732690e-01
  -2.6978407749198829e-01
  -2.6978409828980765e-01
  -2.6978407598914689e-01
  -2.6978412111030398e-01
  -2.6978403796989137e-01
  -2.6978403015116548e-01
  -2.6978403247434679e-01
  -2.6978420396640823e-01
  -9.9787417428836234e-02
  -9.5930391769176310e-02
  -2.5375779445871383e-01
  -2.5375778108948599e-01
  -2.5375778109137892e-01
  -2.5375775446533572e-01
  -2.5375774443078580e-01
  -2.5375774566296944e-01
  -2.5375777687306023e-01
  -2.5375774323289463e-01
  -2.5375784783273853e-01
  -2.5375773018170650e-01
  -1.6996805800897785e-01
  -2.1861551458440556e-01
  -2.1861553442818155e-01
  -2.1861547577289459e-01
  -2.1861553185310934e-01
  -2.1861554468758720e-01
  -2.1861547304378548e-01
  -2.1861551690153924e-01
  -2.1861554758970544e-01
  -2.1861555615008571e-01
  -2.1861542535091866e-01
  -1.3014691509785062e-01
  -1.6349239358369547e-01
  -1.4862868524293160e-01
  -1.6059568569108448e-01
  -1.6059566848841836e-01
  -1.6059565513843518e-01
  -1.6059567896566973e-01
  -1.6059566944707207e-01
  -1.6059566944648992e-01
  -1.6059566091634325e-01
  -1.6059564959442763e-01
  -1.6059567243504261e-01
  -1.6059567063385746e-01
  -8.2463097006605146e-02
  -8.7214034473896446e-02
  -1.6767301100115448e-01
  -2.9909985283097429e-01
  -2.9909981402378033e-01
  -2.9909981625934057e-01
  -2.9909977996380455e-01
  -2.9909977499740498e-01
  -2.9909985383735815e-01
  -2.9909972773416255e-01
  -2.9910011613657866e-01
  -2.9909986427559176e-01
  -2.9909964860130051e-01
  -1.5910666241165536e-01
  -1.5910666428231282e-01
  -1.5910665273488561e-01
  -1.5910666870929860e-01
  -1.5910665274187213e-01
  -1.5910665888519479e-01
  -1.5910664640489666e-01
  -1.5910664925215573e-01
  -1.5910665101208016e-01
  -1.5910664877637104e-01
  -4.0736390168891967e-02
  -9.8427904250569603e-02
  -1.3505515623864414e-01
  -1.0975292519452476e-01
  -1.8242118871089008e-01
  -2.5290646912022469e-01
  -2.5290645192652383e-01
  -2.5290647451429038e-01
  -2.5290645519441601e-01
  -2.5290647131150584e-01
  -2.5290646085163115e-01
  -2.5290643293490467e-01
  -2.5290649303376317e-01
  -2.5290641885090531e-01
  -2.5290640482105481e-01
  -8.1851584121436727e-02
  -9.3962679289930823e-02
  -1.7907353553799735e-01
  -1.7907353941207135e-01
  -1.7907356890903681e-01
  -1.7907355002023004e-01
  -1.7907358203833715e-01
  -1.7907358202336252e-01
  -1.7907355852814405e-01
  -1.7907364142330534e-01
  -1.7907369061158354e-01
  -1.7907341693463355e-01
  -1.3205353528957797e-01
  -1.4824482441893752e-01
  -1.4620962015042352e-01
  -8.4615513720076890e-02
  -3.0950348898307861e-01
  -3.0950342712074569e-01
  -3.0950344430227777e-01
  -3.0950337889994106e-01
  -3.0950342294132421e-01
  -3.0950352674098741e-01
  -3.0950329531223086e-01
  -3.0950326147007101e-01
  -3.0950323842270588e-01
  -3.0950318521977654e-01
  -2.3079524702570631e-01
  -2.3079523971658555e-01
  -2.3079525206502613e-01
  -2.3079522782100931e-01
  -2.3079522782100931e-01
  -2.3079526963703001e-01
  -2.3079522054495094e-01
  -2.3079529000228233e-01
  -2.3079519163455126e-01
  -2.3079514324569492e-01
  -1.4860442238682983e-01
  -8.2252432394997965e-02
  -8.4607572538226317e-02
  -1.0593602561322282e-01
