  -2.0919328611452120e-01
  -1.9099181345709934e-01
  -3.8879045866639317e-02
  -3.1931789919508163e-01
  -2.2217663516558683e-02
  -3.0925997907877606e-01
  -5.9499251813009024e-02
  -1.9077757246654634e-01
  -3.0431733374250203e-01
  -2.6544634425530722e-01
  -2.8826043337080282e-01
  -2.8067233332410035e-01
   3.1505914407202512e-01
   7.2517010260279069e-02
  -2.5982309553841487e-01
  -5.0606699462110938e-02
  -2.5894105327454403e-01
   2.2443673855216612e-01
  -1.4931930696522772e-01
  -2.8296611817314327e-01
  -2.3487973010392710e-01
  -1.9425820764345775e-01
  -3.1795444053160993e-01
  -3.2727891191782216e-01
   3.5362644811374760e-01
  -2.8003005068825237e-01
  -2.5962740901443671e-01
  -1.7506962208464108e-01
   2.6867196767106921e-01
  -2.0659686796247487e-01
  -1.7501069230595265e-01
   3.4860780183572565e-01
  -2.5732792299532392e-01
  -1.2269753866965266e-01
  -2.9970807787625686e-01
   2.9967112890483200e-01
   3.0623416822887550e-02
  -3.0160402524003127e-01
  -3.1715048926103778e-01
  -2.9598390270164043e-01
  -2.1972897306587008e-01
  -3.2127289389142233e-01
   1.0748969026131822e-01
  -2.6255815458733894e-01
  -2.9411764753316688e-01
   8.8982209754709773e-02
  -2.7862985593731526e-01
  -9.7159223365710784e-02
  -2.8803944290784850e-01
   2.6577527427492126e-01
  -2.8851896635227303e-02
  -2.3737392864562745e-01
  -2.9927158066795767e-01
  -1.1355526342351685e-01
  -3.1863914130049359e-01
  -2.4549323952879959e-01
   1.8084355430993054e-01
  -3.1407905404875813e-02
  -7.4966951498163181e-02
  -2.3400693032034575e-01
  -3.2495824030653142e-01
  -1.6463041769120446e-02
  -3.1765700400670160e-01
  -1.4191912071970741e-01
  -2.7665120890991585e-01
  -6.2711474841066372e-02
  -3.1405412951533984e-01
  -2.9322947590170895e-01
   2.2866937326836184e-01
   1.6626083340294251e-02
   1.2684101385264884e-01
   1.8920837245793004e-01
  -5.3192429813445519e-02
  -1.5887014034036448e-01
  -3.1862390013662101e-01
  -1.0743005378527629e-01
  -2.3068360790977230e-01
  -2.8502242066802547e-01
   3.8553352494329379e-01
  -3.0139503203362422e-01
  -1.5224222996738646e-03
  -3.2047269212998442e-01
  -1.8680076149308242e-01
  -3.4967389446195818e-02
   4.6302696275710153e-03
   3.2688491432626005e-01
  -2.6778238978377245e-01
   2.2372657435372034e-02
  -2.1367297036137223e-01
  -3.0033139589083624e-01
  -3.1517586319263086e-01
  -2.5898830933158734e-01
  -2.1011900368250452e-01
   2.9186487492923224e-01
  -2.9476670105259745e-01
  -3.0179981612835549e-01
  -1.1272677438247855e-01
  -3.1834119162426566e-01
  -3.1451930266205286e-01
  -6.7284745120232803e-02
   3.0252234623981905e-01
  -2.9646704224073261e-01
   1.0710738671664444e-01
  -3.0484815133580501e-01
  -2.5201686042146632e-01
  -1.9960194815366983e-01
   2.8834701397248536e-01
  -2.6613391591759861e-01
  -2.3566846556687499e-01
  -3.0946298265323086e-01
  -3.0919647301783576e-01
  -3.0380519290218883e-01
  -2.7995711018271180e-01
  -2.8425668704140294e-01
   3.0663883601536102e-02
   2.3964653989594747e-01
   3.7938229413631425e-01
   1.6155551885518349e-01
   3.4246986175317823e-01
  -2.7736295538854833e-01
  -3.2862995755603713e-01
   2.8661290955103585e-01
  -2.7460824756637009e-01
  -3.2204898615915323e-01
   9.6742670259666930e-02
  -2.9174977279299436e-01
  -3.0910083122107834e-01
  -3.2767220227589355e-01
  -2.1492278419018973e-01
  -2.2256592807298947e-01
  -3.1287340434566369e-01
   1.2111266387935232e-01
  -3.2713090117416077e-03
  -3.0522611090835833e-01
  -1.4018149804376961e-01
   1.4493302408763636e-01
  -2.4593759200775711e-01
   1.8668228575204121e-01
   6.6089361607004515e-02
  -1.0053662325984064e-01
  -2.8479904662104305e-01
  -1.4805268563615670e-01
  -3.0933165246493816e-01
  -4.8194214787297129e-03
  -3.0056839440135913e-01
  -2.2925908896320635e-01
  -3.2771394938002030e-01
  -2.9330016398002690e-01
  -2.2340034940825687e-01
  -3.2127869717003149e-01
  -1.6774425487385738e-01
  -3.0481857967206633e-01
   3.9259489327092778e-02
  -2.6206824391716033e-01
  -2.1525056503246193e-01
   6.7636599773984174e-03
  -1.5376197370586411e-01
   1.2201072352377518e-01
   1.4636608984078253e-01
  -2.9682598935829207e-01
   1.8513203491423352e-01
   5.6017734633585614e-02
  -2.7276957231977716e-01
  -3.0039027155301817e-01
  -1.8628796741336315e-01
   2.3938166629173058e-01
  -2.7999455824815661e-01
  -1.8994032892634655e-01
  -1.0248155479832044e-01
   1.1033348187203590e-01
   3.9593914782499168e-01
  -3.2903788009517965e-01
  -1.6091954159037347e-01
  -1.8768308101246972e-01
  -7.4899096048152980e-02
   2.0219318637375677e-01
  -2.7845691540992534e-01
  -3.2267727084416120e-01
  -2.4701277943477340e-01
   1.9393573295038374e-01
   1.0761575292464465e-03
  -1.8883023635935045e-01
  -2.9577737449596436e-01
  -3.1868508602722201e-01
  -2.2403617781991175e-01
   1.4932824655174992e-01
  -2.0425953374003308e-01
  -2.4282553149445674e-01
  -3.1924439726935933e-01
  -3.3028063719131440e-01
  -3.1261651840105176e-01
  -3.0314382429951925e-01
  -9.2927260363539377e-02
  -2.8581651043475648e-01
  -2.9700142984569389e-01
  -2.9360257969044362e-01
  -2.7684322226727426e-01
  -3.1780680877013368e-01
  -9.7195251014285389e-02
  -2.4874595305463154e-01
  -2.8318565935622625e-01
  -1.6588030685158348e-01
   2.6769930324214042e-02
  -3.0780677016016866e-01
  -1.3448727596596399e-01
  -3.0154621599568376e-01
   1.2096645077872920e-01
  -2.5467998008602832e-01
  -5.5168551082153960e-02
  -2.9915412045976164e-01
   3.1512410207607683e-01
  -1.2348886491041497e-01
  -2.6613909506210537e-01
   3.7278769248936694e-02
  -1.8945000783388335e-01
  -2.8142521557576711e-01
   1.4540637229617959e-02
  -1.9534580415044039e-01
   1.5630239532535500e-01
  -2.7911311020314772e-01
   3.2460818682698905e-01
  -1.3363208387059078e-01
   2.3344814203624692e-01
  -3.1639875517020627e-01
  -1.2982604619973823e-01
   5.7429928936911845e-02
   5.4700958006304812e-02
  -1.9057282764313488e-01
  -2.4214982667421764e-01
   1.2311794640080687e-01
   1.8101609673332048e-01
  -6.3173915477884590e-02
  -2.6329908677416536e-01
  -5.2427629885041294e-02
   3.2378138384682847e-01
  -2.8127137336040070e-01
   1.2324174781672742e-01
   6.3556161593582405e-02
   7.7777412996599737e-02
  -3.2978839879330002e-01
  -2.4289493474900170e-02
  -3.2510734882239067e-01
   4.4438028799590229e-01
  -2.3315486062443164e-01
  -2.1989508917268344e-01
   2.3859836837379861e-01
  -2.4717689313030949e-01
   1.0637304837641742e-01
  -1.3131784764047022e-01
   1.8887122210047630e-01
  -1.9127658639361864e-01
  -3.1786094303665396e-01
   7.1331992811258793e-03
  -8.8393621762123481e-02
  -2.8358526146561153e-01
   4.5068193806631801e-01
  -3.0991459770953617e-01
  -3.1271172837285555e-01
  -2.8767382850789869e-01
  -2.7361923500323126e-01
   4.1611404812882508e-01
   5.4826266155105385e-02
  -3.0516525511661580e-01
   4.4872041577418253e-02
  -3.1100028620816189e-01
   3.7461312386637968e-03
  -2.0820123846727914e-01
   1.8008863463426267e-01
  -2.7410717515172267e-01
  -8.3066224433607005e-02
  -1.6119383978906546e-01
  -3.1502530159385916e-01
   1.0184907040418295e-01
  -2.9224111287220378e-01
  -2.6325920274950088e-01
  -3.1340763283524087e-01
  -1.4298884891629224e-01
  -2.9452538177766996e-01
  -2.9307940181044945e-01
  -2.9738002816000403e-01
   3.6337231814224308e-01
   2.2444651524565146e-01
  -2.9369448056542724e-01
  -1.6720247781431138e-01
  -1.2671169246647743e-01
  -3.0152196771281525e-01
   3.9510728397340861e-01
  -1.9760797080888079e-01
  -6.0597422027388659e-02
  -1.3302633355275806e-01
  -2.6130608392206739e-01
  -2.8944933641434706e-01
  -2.5739716304747129e-01
   3.8528370855983368e-01
  -1.1838568607654076e-01
  -2.8231907726064343e-01
  -3.0493316842230495e-01
  -3.1391381459672762e-01
   1.7886626844933867e-01
  -3.0438843870299148e-01
  -2.3655489989481288e-01
  -2.4177114126438237e-01
   2.8975120918708680e-01
  -2.5214549367322314e-02
  -2.5151112367884387e-01
  -3.1338667025650790e-01
  -2.7020864033638858e-01
  -1.8062769769889755e-01
  -2.6868467761688275e-01
  -3.0989560889409556e-01
   3.7594482817692859e-01
   1.2114575108853176e-01
  -2.5576100261713386e-01
   1.7921290684960173e-01
   2.8737901857344123e-01
   1.8798714220024842e-01
  -1.3157732065659605e-01
  -3.1321182198633052e-01
  -1.5531562406084776e-01
  -3.0281562468248246e-01
  -1.1231247635845110e-01
  -2.3427918779826101e-01
   2.5512443933209283e-02
   2.7122231151438858e-02
  -1.0969751768215635e-01
   2.1450979566276535e-01
  -2.7917550366187216e-01
  -3.0064325977089001e-01
   9.1315625892945118e-02
  -1.8671220130216357e-01
  -2.1166294561131085e-01
  -2.3843836405910879e-01
  -7.9240013183863700e-02
   9.8273325253055765e-02
  -2.7427295850036171e-01
  -9.8785191537783257e-02
  -2.3275542743834265e-01
   1.8081835799713508e-02
   2.3854305476207149e-02
   3.4287213882621442e-01
  -2.9421417703527503e-01
  -2.8886272428787946e-01
  -2.8722274452801533e-01
  -3.3015105975623382e-01
  -2.0834816334878486e-01
  -3.5570740424048619e-02
  -2.9557360849043873e-01
  -1.1359997164180388e-01
  -1.4291481245342505e-01
  -4.0718333346196955e-02
  -2.5093161066702119e-01
  -3.2642004252946177e-01
  -3.1113950919088479e-01
  -2.7432302281525545e-01
  -2.8988335372560514e-01
  -3.0016414151851739e-01
   1.9977348873202910e-01
  -2.0844191812832435e-01
  -2.8208110763478578e-01
  -2.7262555576412512e-01
   6.9929604658638567e-02
  -2.3929195121146662e-01
  -1.3674943230014325e-01
  -2.5652021403653441e-01
  -3.9129823093564720e-02
  -1.3775744479564397e-01
  -2.2835968335850321e-01
  -1.0371786495890323e-02
   2.4923931677166794e-01
  -3.2091341723445621e-01
   3.2874379590444963e-01
  -2.2316084695446364e-01
  -1.1917846623309666e-01
   1.7567387267100998e-02
  -2.6815592446848902e-01
   3.5257129096149792e-01
   1.5600583217208513e-01
   2.5383510968329953e-01
   1.0925658963641754e-01
  -3.2296826951690455e-01
  -3.2234051293836080e-01
  -2.6866366928574226e-01
  -2.2109632995786196e-01
  -2.4928001299860114e-01
   9.0282748060801887e-02
  -1.2078885573884682e-01
  -5.8324888673349562e-02
  -2.8013506639131414e-01
  -7.1205480789345021e-02
   2.0711883421187710e-01
   1.9047851655585896e-01
  -2.1237162026938247e-01
   2.0664035035937039e-01
  -3.0713824413395563e-01
  -1.6162377534316669e-01
  -3.0352433224080916e-01
  -2.2077153842482866e-01
   1.4546836909159555e-01
  -3.1511717709859954e-01
   1.9303682486004498e-01
  -3.2311793653623588e-01
  -2.8669260621075232e-01
  -3.5576399994983465e-02
  -2.8422821569060319e-01
   4.0637728880855789e-01
  -2.7817524687146472e-01
  -2.7812530569579319e-01
  -3.1319866434902799e-01
  -1.4208990224047902e-01
   1.8302560728050754e-02
  -1.5054360657460375e-01
  -1.1279292504841079e-01
  -2.4363070698498490e-01
   1.8050323166741211e-02
  -3.0771771792378833e-01
  -1.0876150244823810e-01
  -3.2969392897509853e-01
   7.9788875988487662e-02
   5.2488376206163589e-02
   2.8049266951744728e-01
  -1.5555751850657293e-01
  -3.0412482717456801e-01
  -2.8094054303970817e-01
  -2.1118074150051427e-01
   2.5985738044870060e-01
  -1.7249281992586146e-01
  -3.3123439659968024e-01
  -1.3698108918604837e-01
   2.0925525076345536e-01
   2.5970468489244447e-02
   1.4414118544028515e-01
   6.9149384974159345e-02
   2.0827101380238350e-01
  -2.4260851358161117e-01
  -1.3784299370788622e-02
  -3.0885692001335219e-01
   3.2918292300991797e-01
  -2.5865230195387151e-01
  -2.5682633284721440e-01
   3.9216390766705617e-01
  -1.4055088475200572e-01
   3.9609513820139108e-03
  -2.6949576299281813e-01
  -2.1631873979970256e-01
   4.7145594971342020e-02
  -2.8920158268956286e-01
  -2.7837629310087414e-01
  -3.2269120812520391e-01
  -2.7838093912764073e-01
  -9.9486311681371675e-02
   2.6550933417330952e-01
   3.4664343926884550e-01
  -7.4887139878645870e-02
  -5.2496568652318276e-02
  -2.7894273263711167e-01
   1.8575244035054145e-01
  -2.1832085812690769e-01
  -1.5187146717676492e-01
  -1.1832650502621150e-01
  -3.2094633637766856e-01
   8.1940324612566895e-02
  -1.5589792659499702e-01
  -1.7143101270088035e-01
  -8.0523909203866928e-02
  -1.8202209133727340e-01
   1.6489581806998055e-01
  -3.1530419609761362e-01
  -2.3025873975166894e-01
  -3.2647899028572330e-01
  -2.3171006788551468e-01
  -1.5052834316969621e-01
  -2.8741170574136266e-01
  -3.0386347386403195e-01
  -2.6503931509147705e-01
  -2.8912938761064377e-01
   1.6928613177518309e-01
   2.4232850164550396e-01
  -9.1653024640854730e-02
  -4.9696403432577252e-02
  -3.1227917235218128e-01
  -2.6228747639474315e-01
  -5.6699962015197058e-02
  -2.6272632706525212e-01
   7.0792152118835383e-03
  -2.9200458286659886e-01
  -2.7590325652844350e-01
   2.3109167267818093e-01
   1.1464108773728832e-01
  -2.7277898246806448e-01
  -2.2133937306214688e-01
   2.1785911164619293e-01
  -1.3146359512667979e-01
   6.8239530128184789e-02
  -2.0563148787022234e-01
  -2.8508743037610934e-01
  -2.9044714064311877e-01
   3.0841823056999168e-01
  -2.7884421434458428e-01
   2.1386886758042956e-02
  -3.2737132730909679e-01
  -2.6419979695517554e-01
  -1.7560225874398175e-01
  -1.2257602037756818e-01
  -3.0179288987395914e-01
   2.6142785354530046e-01
  -3.0605437438906979e-01
  -2.8553698402477989e-01
  -8.1771365642554383e-02
  -1.7053734018331346e-01
  -2.9182649974914449e-01
  -2.5703981134631693e-01
   5.3501117945706056e-02
  -1.1204996500977610e-01
  -1.4957071076218401e-01
  -1.4611807325167930e-01
   1.1105765564105008e-01
  -2.3075570844246479e-01
  -1.9473276752683266e-01
  -3.1240553637176127e-01
  -2.8043833896345460e-01
   1.5112090446953147e-01
  -3.0693600566515200e-01
  -2.6741791157217126e-01
  -2.0369407717489030e-01
  -3.0434108111530112e-01
   3.7212467048949255e-01
  -1.4639924521032011e-01
   2.3657320131937887e-03
  -1.8352834185824560e-01
  -2.6180033729942853e-01
  -1.9110009070682682e-01
  -2.7323187330992238e-01
  -3.0130471346561827e-01
  -2.8230133426740395e-01
  -2.7280448330835239e-01
   1.2257390507573973e-01
  -9.7224100601942115e-02
  -5.0112403526864413e-02
  -3.1664245757430015e-01
  -3.0108691471685972e-01
  -3.1008529633930026e-01
   3.2981637868797903e-01
  -2.8306124170851660e-01
   2.1114098875255422e-01
  -2.5811465653228333e-01
  -3.0294836666437402e-01
  -2.5346516043936318e-01
   3.4107306891510908e-01
  -1.2190640190933813e-01
  -3.0367904678574587e-01
   8.3647092743492468e-02
   3.6824033683141416e-01
  -2.5014157692491046e-01
   2.0260697606194145e-02
   6.4688571888188884e-02
  -3.1226787201796014e-01
  -2.9068694299594883e-01
  -2.8525129860820386e-01
  -3.0508858851693582e-01
  -1.6845339089982739e-01
  -2.0875101744602614e-01
   1.7015567976023199e-01
  -3.0410387141011330e-01
  -8.7056454382817977e-02
  -2.5244001968930629e-01
  -2.8563915296189185e-01
  -2.7414147166379937e-01
  -8.9943482862116647e-02
  -2.2527313666874443e-01
   2.2399366313825314e-01
  -2.8503955424995780e-01
   2.3524324236075106e-01
  -1.9498017696021394e-01
  -3.2037704439677966e-01
  -6.0466414934319257e-02
  -4.0546709237193390e-02
   7.0280529468941033e-02
  -2.5804708569146290e-01
  -1.0500630773684311e-01
   4.4558985154350916e-02
   1.0278356754611284e-01
   2.8894124066665922e-01
  -3.2111538302520592e-01
  -4.4233390845255793e-03
  -8.3242616927106661e-02
  -3.2019121212896789e-01
  -1.3861866518699342e-01
   1.7037445346796470e-01
   2.1839103833182660e-02
  -3.0464093080677823e-01
  -2.2707811443797005e-01
   2.1089921946517004e-01
  -2.9884655544312499e-01
  -3.2148398530929678e-01
  -2.1003122267036053e-01
  -2.7614168579907256e-01
  -2.9220063286960934e-01
  -2.5087594986375006e-01
   1.1715902830877006e-01
  -1.6725225198233995e-02
  -2.8923183348674947e-01
  -2.9754326248821572e-01
  -2.7340768684185579e-01
  -1.7609834434326815e-01
  -2.6756609797597919e-01
  -2.3414913302651058e-01
   8.2630906350171451e-02
   1.5059916250028893e-01
  -2.3541720133677618e-01
  -1.5851329354074239e-01
  -3.1617412887876956e-01
  -2.8451946411394696e-01
  -1.2181664333640804e-01
  -2.9404094356953581e-01
  -2.8128740571742411e-01
   1.2594226159240468e-01
  -3.3144120776064817e-01
  -2.5982455155306627e-01
  -5.1081653508963154e-02
  -3.1817700545523092e-01
  -1.7901551444692995e-01
  -2.2531466618256274e-01
   6.7690924741202974e-02
  -8.0531687663512375e-02
  -3.1580539710352917e-01
  -3.2206218523300373e-01
  -2.9761313901579872e-01
  -2.8500776115671189e-01
  -6.7865699670483337e-02
  -3.2613366151598533e-01
  -3.1914430866985338e-01
   2.4787789067346022e-02
  -1.8167889544368274e-01
  -2.0146004710549584e-01
   3.6263859585562958e-01
  -3.1705227033663641e-01
  -3.1106607046285339e-01
  -2.6868240069899924e-01
   5.5683885967450608e-02
  -3.0855980993369930e-01
   1.0025642232689475e-01
  -1.7982643065582710e-01
  -2.7738595450481957e-01
  -2.0226009937217276e-01
  -1.6538963666179568e-01
  -2.7172024761704355e-01
  -3.2546216104869441e-01
  -2.5480234544471120e-01
   1.4768983633829685e-01
  -2.8516574049053034e-01
  -3.3123650767140334e-01
   4.1203533486496730e-01
  -1.1877912787625372e-01
   7.2852643882055090e-02
  -2.0344588962193752e-01
  -2.9951623890949952e-01
  -9.3001366904969129e-02
   3.0671308298330807e-01
  -1.4828401688830753e-01
  -3.1710288605676812e-01
  -1.7015590467447769e-01
  -2.8507100406207120e-01
  -2.7667086737667979e-01
  -2.7362700698516357e-01
  -2.8529634092438655e-01
  -2.2035444705098550e-01
   1.5998521528173260e-01
  -3.1286461941680421e-01
  -5.9954901324868248e-02
  -1.0881558835926125e-01
   6.0082810332025838e-02
  -3.1417595280964916e-01
   3.4179040901139296e-01
  -3.2502752506339838e-01
   2.1239730225955461e-01
  -2.7894103361073097e-01
  -3.2618638933321520e-01
   8.2757054930263418e-02
  -6.1595029953714908e-02
   3.8114734536013423e-01
  -2.3214674542595137e-01
  -1.6709230811545275e-01
  -1.9609593260604372e-01
  -1.9311636865599702e-01
  -3.0819715758573779e-01
   3.0671576491669988e-01
  -1.6601706659409579e-01
  -2.5753548768859347e-01
  -2.6718406082050111e-01
  -2.6487803837702689e-01
  -2.5505841397498252e-01
   3.3201890075819290e-01
  -1.2032469418733507e-01
  -3.0662993086321505e-01
  -1.5795127207874504e-01
  -2.9101618810161473e-01
  -2.6551128817318004e-01
  -2.5120330186274031e-01
  -1.5719986765140914e-01
  -1.2616855833993229e-01
   3.0192752516196536e-01
  -2.8258052490071611e-01
  -3.2838905017852343e-01
  -2.0655283122536616e-02
  -5.1072166340617675e-02
  -1.1931284760538982e-01
  -3.0346521642420743e-01
  -2.5871666027851747e-01
  -1.5783746627220258e-01
  -2.1776875455689026e-01
  -2.8625289952100885e-01
   9.7679027796055584e-02
  -3.2642696656669906e-01
  -3.2900563385187254e-01
  -1.2926712157282932e-01
  -2.5315878256132784e-01
  -1.4478438622178200e-01
  -2.2370368572707119e-01
  -3.1252460398084370e-01
  -2.9314364284536698e-01
   2.6305632915539057e-02
  -2.1339081077422173e-01
  -2.4431010290852417e-01
  -8.1345802033366832e-02
  -1.2286638401191546e-01
   7.8085964547102704e-03
  -1.1036242080611400e-01
  -2.1754701025243722e-01
   1.0013572661373538e-02
   4.5611482532770919e-02
  -1.9010571783869468e-01
  -3.0950876947734729e-01
   1.9105170893258855e-01
  -2.1280909845622892e-01
   1.0185325619576169e-01
  -3.1797031194530395e-01
  -2.8201785017370723e-01
   3.8776096332602800e-01
  -1.0489625250269857e-01
  -2.4156463611724061e-01
  -3.2313286160906418e-01
  -2.2082017935032344e-01
  -1.1214928640400562e-01
  -2.2982220539792136e-01
  -2.5172546235910626e-01
   2.9762188291442032e-01
  -2.9069936413610392e-01
  -1.7403706720413037e-01
  -2.6318922925984112e-01
  -3.1610317683695882e-01
   6.6858799320540341e-02
  -1.5180667709554427e-01
  -2.7524476143224069e-01
  -3.1192041418598682e-01
  -1.1519039595384922e-01
  -1.5447737960854060e-01
  -2.9612386560636733e-01
  -2.7986668999795256e-01
  -3.0497175559581990e-01
  -4.8562239564025667e-02
  -2.5631121871639784e-01
  -5.5631163891942226e-02
  -3.1480820546555971e-01
  -8.7536643079494242e-02
  -1.1992472194847489e-01
  -2.7453483544266227e-01
  -2.9108493101943839e-01
   1.4293137235590386e-01
  -3.0374931714816628e-01
   4.4183891931321939e-02
  -2.9095515802397753e-01
  -1.6025111274815415e-01
   1.4962719231033661e-01
  -2.8165819586484619e-01
  -2.4074871866695258e-01
   2.9661636770364558e-01
  -9.2073635126528469e-02
   1.0702485084963526e-01
  -2.4161415765258648e-01
  -1.8745885187132860e-01
  -2.2303438000270986e-01
   2.7335667358720689e-01
  -3.1594106052970156e-01
   1.9663137553735283e-01
  -2.0743671750506407e-01
   3.1395930825238338e-02
  -1.2539210293739247e-01
  -8.0231846220580161e-02
  -2.6869295036313579e-01
  -1.4566523678122986e-01
  -2.9807662645283706e-01
   3.8699480735832864e-01
  -3.0538925770237535e-01
  -2.6441374647064975e-01
  -2.9955749266782278e-01
  -2.7319046968867600e-01
  -2.9906543430545701e-01
  -1.3217917712901345e-01
  -1.9904146420327420e-01
  -6.6735081821944098e-02
  -2.5664196411719625e-01
   1.3847419479191547e-03
  -3.0205624726718028e-01
   4.9396204173072833e-02
  -1.6754344162407322e-01
   4.3369819993243958e-01
   5.5827424771470180e-03
  -1.5640918515060787e-01
   2.5443665101032936e-01
  -1.4900173850427384e-01
  -1.4890993862072829e-01
  -3.1831277840073841e-01
  -2.8369746262072304e-01
  -2.6509511299019473e-01
  -3.2327629947805742e-01
  -1.7715082914393759e-01
  -2.8554804040348236e-01
  -5.7354402257287662e-02
  -2.9983684596574972e-01
  -2.8137621065993151e-01
  -2.8015743588736597e-01
  -2.3617281693663039e-01
  -3.2926769711320486e-01
  -3.1531761283831011e-01
  -1.4517031266624417e-01
  -1.7778006273862373e-01
   3.0549322632546783e-02
  -2.9750951778393492e-01
   3.9489035775248088e-01
  -2.4639292453142411e-01
   9.2901828438522738e-02
  -2.8783037465056721e-01
  -1.7188455305012879e-01
  -2.6411143711480028e-01
   1.6688947555168537e-01
  -5.9433097624039255e-02
   3.8956880882539680e-03
   3.8277188411321994e-03
  -3.1382691297696441e-01
  -2.8223096327329883e-01
  -1.3781389300263575e-01
  -5.3125446885954497e-02
  -3.8105849614581966e-02
  -1.8350958561482583e-01
  -3.2267606662701642e-01
   3.4121129487462931e-02
  -1.0343060537764368e-01
  -2.7928611260998942e-01
  -2.6728538765721632e-01
  -3.0707536150220516e-01
  -7.7364151094109435e-02
  -3.2470409350458529e-03
  -9.3226735374631525e-02
  -2.5315779783155873e-01
  -2.1402707908922142e-01
   7.3268666627304579e-02
  -3.1594425271973797e-01
  -2.9834161024811595e-01
  -2.8351587669949141e-01
  -2.8970586540332899e-01
  -3.2248064337717902e-01
  -3.1209420407959182e-01
   2.7029967315292641e-01
  -3.2024069091922985e-01
  -2.9131884347258213e-01
  -2.0713347001886179e-01
  -1.8109233834169897e-01
  -2.4013311574647414e-01
   4.1809155538838905e-02
  -3.0078583684740878e-01
  -1.7435919717596338e-01
  -3.0033752150439452e-01
  -2.4161885502802563e-01
  -2.8146218802295930e-01
  -3.2339395018250500e-01
   1.6328996895154479e-01
  -1.5705649076307662e-01
  -8.7826777583211862e-02
  -2.9058603750766393e-01
  -2.9163479384106727e-01
  -2.8442840149871307e-01
  -3.0910615285277288e-01
  -1.6941541402918167e-01
   2.8638151704683729e-01
  -2.9533042621765015e-01
  -3.0030631422563581e-01
  -2.7104994814668099e-01
  -1.9555473653882438e-01
  -2.4752362759436530e-01
  -3.0950067904487011e-01
  -8.0596962913791481e-02
  -2.3712452091393971e-01
   1.7107787232957333e-01
   1.2301127819540431e-01
  -2.4185525029224145e-01
   1.2464493962006851e-01
   2.9388810530409942e-01
  -2.3509405497341185e-01
   8.4198144161488964e-02
  -2.1763469846462968e-01
  -1.5660105103842006e-01
   1.1610215226474940e-01
   8.3631848262158137e-02
  -2.4858447027184621e-01
  -2.7073806904740183e-01
  -3.1410159080170341e-01
  -1.7300782246640642e-01
  -4.7266774525945299e-03
   1.3479599876262793e-02
  -1.7877793893519711e-01
  -2.1121580840268733e-01
  -3.6374162984366243e-02
  -2.2140462809336880e-01
  -2.9316837829689246e-01
  -7.9313272926787137e-02
  -1.1243229115837466e-01
  -3.2571208662169460e-01
   1.1271920860443668e-01
  -5.2163790788147812e-03
   2.2257504872352468e-01
  -3.2795928908412808e-01
  -1.7678435268149728e-01
  -3.0055337886096822e-02
  -2.9467367744998707e-01
   4.2676685927088287e-03
   3.6867442448605819e-01
   5.9154620507455402e-02
   3.2622637710306085e-01
  -1.9983044870423902e-01
  -3.1168706398841667e-01
  -3.0954417457650785e-01
   1.8347033308511801e-01
  -2.1844534462141196e-01
   2.7131346383828087e-01
  -3.0824767502689498e-01
  -1.2364797700998126e-01
  -1.4814265301283269e-01
  -2.3464541740842565e-01
   8.7748415320490158e-02
   3.5190337816504952e-01
  -3.0836429700343465e-01
  -8.9049243581225346e-02
  -1.5199255091248429e-01
   2.8594423923816531e-01
  -3.0310578738364358e-01
   2.9727295995353503e-01
  -2.8265609840738815e-01
  -6.8671931710860556e-02
  -2.1173918374324455e-01
   2.4619778352174598e-01
  -2.0774824674958170e-01
   1.8215057743354229e-01
  -2.3815223094791149e-01
  -7.6271606483943488e-02
  -2.0204437348428245e-01
  -3.0260188276341082e-01
  -5.8075549263853776e-02
   1.3635783624107695e-01
  -2.9936404012157125e-01
  -2.8410106582866990e-01
  -1.9611110917519062e-01
   3.0616533761261272e-01
  -3.3193206802049152e-01
   9.6202405981113515e-02
  -2.9327688460753210e-01
  -1.9127379026700195e-01
   1.5964697282483165e-01
   1.1548892545604661e-01
  -2.7913012135346538e-01
  -2.5957809370993812e-01
  -1.9182305868900373e-01
   3.9688574539381899e-01
  -3.1797561249287848e-01
  -2.9415752328596761e-01
  -2.9393374880293593e-01
  -5.4923040884287178e-02
  -1.9412167776172151e-01
  -2.7631074670182026e-01
   1.6985371025845880e-01
  -3.2752723365021902e-01
  -1.8085449533637238e-01
  -2.8982097048081978e-01
  -1.8203416453733406e-01
  -3.1885140782965504e-01
  -2.5978386828271627e-01
  -3.1997488575617195e-01
  -3.0710709671508901e-01
  -2.9709213811765695e-01
  -2.0925149023968687e-01
  -7.5899440149929220e-02
  -8.1275484041483659e-02
  -2.0485917267923764e-01
   3.4837338264148837e-01
   2.5975564964488324e-01
  -2.9797638920811442e-01
  -9.9199379741281346e-02
  -2.5973216921949965e-01
  -2.4542585440390130e-01
  -2.5356881873211029e-01
  -1.4053385545038319e-01
  -3.1898516845041408e-01
  -2.8079080196329370e-01
   8.4848168975873828e-02
  -2.3986480075254960e-01
  -3.0127902125816591e-01
   1.3069003898996789e-02
  -1.6436350292446983e-01
  -1.7307760780679210e-01
  -3.0275587518079355e-01
  -1.3167209649984818e-01
  -3.2317735247284007e-01
  -9.7400289768853454e-02
  -1.6442829951216045e-01
  -2.9360603073743774e-01
  -2.3059641452385468e-01
   2.7116129598952160e-01
  -2.9574553832766637e-01
  -1.6346663700811348e-01
  -1.6452569929038721e-01
  -1.5809211397417000e-01
  -3.0223080368693805e-01
   7.6097109962740550e-02
  -2.7672037027793206e-01
  -1.7435846046750719e-01
  -2.3978647681678417e-01
  -1.1633781086814526e-01
  -2.3835444952090168e-01
  -3.2292585743162289e-01
  -6.4785229780469522e-02
  -2.1713156382125154e-01
   1.3111921730980730e-01
  -1.4711805349803911e-01
   1.2411321098793804e-01
  -7.1992852027369492e-02
  -9.1561641788914211e-02
  -3.2948625589638458e-01
  -3.0690133209007536e-01
  -1.4753456091249539e-01
  -2.6457417105868047e-01
  -7.8920272881608744e-02
   2.2992529999284822e-01
  -1.4587615156136599e-01
   6.7241981632348513e-02
   2.6991592686363669e-01
   2.5090866046641069e-02
   3.5178491416049357e-01
  -2.5126990098068758e-01
   2.3252801050290378e-01
  -3.2243449287974973e-01
   6.8199008769593283e-02
  -3.1025824853903261e-01
  -2.8132113539158754e-01
  -3.1342006112764220e-01
  -1.9608822666133383e-01
  -1.1828094180319434e-01
   6.4553428133987567e-02
  -3.1774709588162975e-01
   1.3619761625538229e-01
   2.4267775839660605e-01
   3.1694682204599750e-01
   6.4765582319619874e-02
   3.1458899796917833e-01
   1.3288304817978047e-02
   1.0772847033136107e-01
   2.0112677388345374e-01
  -2.3747219265136271e-01
   2.4517419622572195e-01
  -1.8370079586331706e-01
  -7.0543510252546293e-02
   3.0805056405108872e-01
  -4.7234954925566064e-02
  -2.3830956628077141e-01
  -2.1694535563108452e-01
   1.6840940382534103e-01
  -1.5142215516291135e-02
  -1.6265738734148813e-01
   1.5083847292252273e-01
  -2.7926582200682937e-01
  -3.1349948092349211e-01
  -3.0197995352424384e-01
   1.5696952997651176e-01
   1.6866661230064955e-01
   4.1032369121937112e-01
  -2.3781066841373510e-01
  -5.4650525265882433e-03
  -3.7887535886836410e-02
   1.0737055076730972e-01
  -2.4106471246998587e-01
  -3.0978320040759849e-01
  -2.3043129187870628e-01
  -3.0426000925736252e-01
  -2.2257319406128406e-01
  -2.6008210109153218e-01
  -1.6684996235678284e-01
  -2.7622504519219032e-01
  -1.9520709390807017e-01
   1.6270200607396496e-01
  -6.3563289052114225e-02
  -5.4440656940345056e-02
  -2.4494225059705710e-01
  -1.6252376480650682e-01
  -2.6588389344844865e-01
  -2.9508593099090652e-01
   4.1534839810262630e-01
  -2.2387765248795843e-01
  -2.6485203847657413e-01
  -3.2694296208781981e-01
   1.5938587693853162e-01
  -2.3162187963910830e-01
  -8.7514434243076034e-02
  -2.3869875445398064e-01
   9.6724290124893086e-02
   2.7107206001791201e-01
   2.2663427848502610e-01
   1.7579456911632485e-02
  -3.1455516182515642e-01
  -2.6513665528109931e-01
  -3.0830706608367525e-01
  -2.9490993964394430e-01
  -1.9308280342143883e-01
   1.6581654189454359e-01
   4.8685394712277286e-02
  -3.1941475582144552e-02
   2.2649170947483349e-01
  -1.1698805705459597e-01
  -1.2622174027639474e-01
  -1.6867310536865621e-01
  -1.8461307320640999e-01
   2.8524107793430026e-01
  -2.9904079783508064e-01
  -3.0785232358385539e-02
  -1.7020518943751958e-01
   4.1727609192672394e-01
  -2.3262933094572436e-01
  -3.0252519878229228e-01
  -2.2646450351046676e-01
  -1.5772174109202974e-01
   4.0968292725067373e-01
   2.1641923536550262e-01
  -2.8724749862243060e-01
  -2.9529870143880915e-01
  -3.0796363549221956e-01
  -1.6938653064200260e-01
   2.8244719079200953e-02
   1.0262791480341349e-01
  -3.2137958040508102e-01
  -3.0629034359565399e-01
  -2.8195052194937997e-01
  -2.5415522428769510e-01
   1.0337568383464973e-01
   1.6988856589169304e-01
  -8.3991673790471288e-02
  -3.0559061111154473e-01
   1.0740742202753090e-01
  -1.5864201555939952e-01
  -1.7404191075755113e-01
  -3.1905806518714014e-01
  -2.7151135945177407e-01
  -1.0150329611961717e-02
  -2.0618097046262868e-01
  -9.1446668131396819e-02
  -3.1490926590941432e-01
  -2.8169503043636523e-01
  -6.1495216240600115e-02
  -2.8918108008569043e-01
  -3.1176259627289582e-01
  -2.5611096172789616e-01
   1.2009558638083895e-02
  -3.0221728538109160e-01
   2.2723998064341527e-01
  -5.9966052542556325e-02
   6.4809641522335926e-02
  -2.8158550350928702e-01
  -2.3343699682604482e-01
  -3.0702126760318832e-01
  -1.9489166191533466e-01
  -3.0397096797883605e-01
  -1.4463443670618237e-01
  -2.4761950199247285e-01
  -1.5141557313031992e-01
  -2.8785693268606777e-01
  -3.1044592314035702e-01
   2.3954486918607226e-01
  -5.3743657582838333e-02
  -4.8043059355034112e-02
  -2.8401503529487149e-01
  -2.3429253955153195e-01
  -3.1571456086548749e-01
   4.1310809389826081e-01
  -2.9348607039977231e-01
  -2.1546363949267766e-01
  -2.1470972346248990e-01
   8.5357747567982645e-02
  -1.0013768199328560e-01
  -3.1530678083224750e-01
  -2.9387760167100385e-01
   1.6585603891196932e-01
  -3.0969827484931362e-01
  -3.0696671660982516e-01
   2.8542400920620492e-02
  -3.0688730012421633e-01
   1.4032690573339140e-01
  -2.1922627559989349e-01
  -3.0280886905737991e-01
  -2.7696247303924149e-01
  -2.2924366598729315e-01
   1.9358228595345478e-01
  -2.0600593053711949e-01
  -1.9973176416896199e-01
   7.1799667538618661e-02
  -2.1547501404638081e-01
   1.3926968893931574e-01
   3.6954882192582988e-01
   3.9302027217886087e-01
  -1.5059135472226903e-01
  -2.8105903271114185e-01
  -2.0958722611901445e-01
  -2.0824627154873904e-01
  -2.8718779948293582e-02
  -2.8915029902320821e-01
  -3.0924566867380676e-01
  -2.6665193022250494e-01
  -2.5664813930187969e-01
  -1.3792501346452782e-01
   4.2839868410857185e-02
  -2.1150602660772777e-01
  -2.9597064953634822e-01
  -2.6044161943043542e-01
  -1.9630268558788994e-01
  -3.1202239998142584e-01
   2.5657649738634297e-01
  -3.1456425187233500e-01
  -2.2483121238703663e-01
  -3.3658811790805598e-02
  -3.2022867391533405e-01
  -2.5868896178205358e-01
  -3.0576330465068952e-01
   1.3637981150238371e-01
   2.8165186858338670e-01
  -1.1538558288968870e-01
  -2.9290357526999339e-01
   4.8665814219407300e-02
  -1.5008277187633495e-01
   1.1284909696934464e-01
  -3.2020012543554677e-01
   2.7991380280488737e-01
  -4.2166350976934552e-02
  -2.3336624395761563e-01
  -2.9929372543733074e-01
   1.8451967088775495e-01
  -8.5218785156575244e-02
  -6.9398378215397405e-02
  -2.9010047165044917e-01
  -2.6333560779597737e-01
  -2.7388945390980157e-01
  -3.1442098537504465e-01
   3.2825036258231716e-01
  -5.8473541782544936e-03
   4.5182174114827167e-02
  -8.6327360502407163e-02
  -2.7400840824401268e-01
  -1.8682846408490589e-01
  -8.6648132264969813e-03
  -2.9541514383310874e-01
  -1.9938791923759419e-01
  -1.8400679763168548e-01
  -3.1639729633847585e-01
  -3.2398029751467888e-01
  -2.1623278268862411e-01
  -1.9695595266247454e-01
   8.8971420029063830e-02
   8.9685278734614682e-02
   2.2922280772545878e-02
  -2.3924440293883714e-01
   3.1113687620527519e-02
   2.6347092031240943e-01
  -2.6593117559190510e-01
  -2.1457920813607440e-01
   3.4336793475786281e-01
  -3.2106922978672320e-01
  -9.7937514573517126e-02
   1.3896492507563457e-01
  -2.4220519941276439e-01
  -2.2222839378658660e-01
  -3.1266711924074903e-01
  -2.8370196549068466e-01
  -3.2385640778460068e-01
  -1.3652883556187906e-01
   3.7550528192659732e-01
  -2.2520747653978934e-01
  -2.7049315564977860e-01
  -2.9739606053249745e-01
   6.6360159617606107e-02
   1.3739909471706940e-01
  -2.6090110221834045e-01
  -3.1545408072954334e-01
  -2.5416803438968044e-01
  -7.4633442385534376e-02
   1.5882122927955855e-01
  -1.0234876427095724e-01
   3.1538562430690426e-01
  -3.2580694915262004e-01
  -3.1907977212722199e-01
  -3.0092045914399185e-01
  -1.9762584889465773e-01
  -1.6152858327822209e-01
  -3.1687903698771686e-01
  -2.8909358175363747e-01
   1.7530218319297480e-01
   1.5205887537346813e-01
  -3.0662768329178630e-01
  -6.7280705806300189e-03
  -5.0152794845143012e-04
  -2.1710858595842314e-01
   2.9412817463039420e-02
   6.6927084904283840e-02
   8.9184298098683612e-02
  -2.2364988745764652e-01
   4.3534043022659730e-02
  -2.9965768808817417e-01
  -8.8562674074853853e-02
   4.0913707332436017e-01
   2.4045174800615160e-01
   2.4620377642836461e-01
  -2.9184205984893680e-01
  -2.1410294231746119e-02
  -2.9117770114998937e-01
  -1.0287675822228365e-01
  -3.2413247010228674e-01
  -2.8297423454540194e-01
  -2.2872355948046255e-01
  -2.3356412769924068e-01
   1.2085789216818937e-01
   8.9484832356770405e-03
  -1.6421343643420602e-01
  -3.1491003089525654e-01
  -2.4969083047330348e-01
   4.7910515224252048e-02
  -1.1755716822324461e-01
  -1.5499663935895763e-01
  -2.1600992077780040e-01
  -2.1859994868524990e-01
  -1.8087570039208647e-01
  -2.1166241095697347e-01
  -2.3497636817023543e-01
  -1.3400331073442476e-01
  -2.9123772576232104e-01
  -2.9061681209631846e-01
   8.1532441924371757e-02
   2.3669377622734949e-01
  -2.2737536919842466e-01
  -2.9274055932446275e-01
  -2.9863065172534203e-01
  -3.2310285772494457e-01
   1.8531131061819001e-01
  -2.8318000921424968e-01
  -3.2495850725655245e-01
  -3.2673809665031589e-01
  -3.0148711698996883e-01
   1.5542918641219561e-01
  -1.4179746567938351e-01
  -6.0251208141122392e-02
  -8.4678502952384049e-02
  -2.7291647352908388e-01
  -2.7683959128818159e-01
   1.7333054885464666e-01
  -1.1541569494333462e-01
   1.2996792859357598e-01
  -3.2040703847991536e-01
  -2.3073420463212135e-01
  -3.1090675779872490e-01
  -6.2204804914883061e-02
  -3.2075917124900394e-01
  -9.0184993544081243e-02
  -3.1451556664935310e-01
   2.1755586575113056e-01
   2.9747021637147658e-01
  -3.2094019283352893e-01
  -2.7854329365357589e-01
   4.8221542695624620e-02
  -4.0644228796205328e-02
  -3.0228999611412066e-01
  -2.1619613526319426e-01
   2.1309879620313887e-02
   1.7269416841631247e-02
   1.5265764874252907e-02
  -1.8085096191712058e-01
   7.9849056552230291e-03
  -2.8252994199685644e-01
  -5.5985237256309384e-02
   1.9529788216829863e-01
  -8.7887130301674832e-02
   8.0821120937331736e-02
   1.2670522496671127e-01
   4.6634423165112515e-02
  -1.7394322324250136e-01
  -3.0243773179728956e-01
  -2.9224212639787828e-01
  -2.9596296960787666e-01
  -2.4454195541273385e-01
  -2.4963501162475604e-01
  -2.5105305722485982e-01
  -2.7639638572243308e-01
  -2.6851512874544120e-01
  -2.5509638783662630e-01
   3.2025151279692327e-01
  -2.1048513381978462e-01
  -2.3776472447728844e-01
  -1.3685544526802432e-01
  -1.9343286581119951e-01
  -2.3507499831596418e-01
  -1.5321885578732428e-01
  -1.1631427841239300e-01
  -6.3007865704595434e-02
  -2.1243937375351063e-01
  -2.3767064944582400e-01
  -1.2321850307438120e-01
  -3.1387952419158754e-01
  -2.7014968180156029e-01
   1.2291418341040633e-01
   4.6712391079473115e-04
  -2.8909462411933573e-01
   6.7982734888643370e-02
   1.8300362523211439e-01
  -2.7082245659224213e-01
  -2.8314409456323181e-01
  -1.2555245551397773e-01
   3.7083379811684253e-01
  -2.9222221351324362e-01
   2.1656253916333862e-01
  -2.2249467326952926e-01
  -1.6185566930732864e-02
   2.4783140035824219e-01
   2.6478859646638025e-01
  -3.3252237058207684e-01
  -3.2773730913798915e-01
  -2.6526615170813356e-01
  -3.2269793605457997e-01
   4.3021430405617206e-01
   2.1713096403026050e-01
  -2.9538771478839598e-01
  -1.3796816240142953e-01
  -2.1288285057754935e-01
  -3.1196067410039935e-01
   3.3864402739951566e-01
   3.5205526138322102e-01
  -2.5484787774550788e-01
  -2.1518475668754106e-01
  -2.4497359569549945e-01
   3.2498731442455298e-02
  -2.4116137465419990e-01
   2.6267390199217977e-02
  -2.8967711749571257e-01
  -2.9569297320309557e-01
  -2.7410269903804041e-01
  -2.9632917386838165e-01
   5.9414056648090963e-02
  -1.4042877560587427e-01
  -1.5517457097534490e-01
  -2.3143433066061306e-01
   2.1252528910158835e-01
  -3.1721902626761322e-01
  -3.1260471278587632e-01
  -1.5222428081634548e-01
   2.2650190398098496e-01
  -2.8535978978784265e-01
  -2.9383569078566424e-01
   2.2582341796988009e-01
  -1.7456845424685838e-01
  -3.1543998096215864e-01
   2.5027862973663734e-01
  -2.4173247261481626e-01
   1.4274460921615356e-01
  -9.1255501830947716e-02
  -3.2125611993466990e-01
  -1.6897925818641121e-01
   2.2603978677485320e-01
   3.9991872357819608e-01
  -2.9725710747193312e-01
  -2.5648712515635463e-01
   2.1228254877334413e-01
  -3.1660343097772159e-01
  -3.9950165866514731e-02
  -2.2540610147937840e-01
  -3.1954299200048153e-01
   1.6866398964892609e-01
  -3.0462126089257724e-01
   2.5502954674387029e-01
  -2.6899027782397766e-01
  -3.1197668496138564e-01
   1.6690199119121124e-01
  -8.3020018884971791e-02
  -2.1618454987691044e-01
   1.8531207965938196e-01
  -1.8810511445992309e-01
  -3.3294610478288067e-01
  -1.1659116483156295e-01
   1.6415327487457776e-01
  -2.6550580540686941e-01
  -2.6426440929896866e-01
   2.3825172747789392e-02
   2.2722494449368708e-01
  -2.0234369369789973e-01
  -2.5999641026725084e-01
   1.1856476524095749e-01
  -2.6325085264275394e-01
   4.0881395932807835e-01
  -2.9449989734046733e-01
   3.8334686711457316e-01
  -1.7429663495833322e-01
  -4.3017195367742178e-03
   1.3204545861083206e-01
   3.5875027566431866e-01
  -2.4034212987322290e-01
   1.2535456735769379e-01
  -3.0562870108842427e-01
  -8.4665159404447521e-02
   1.7786326594843699e-01
  -1.4307714426539100e-01
  -3.1144288475656706e-01
  -3.2851755952280509e-01
  -1.8031610589538322e-01
  -3.2223721711989983e-01
  -1.2341342405914160e-01
  -1.8887472185012788e-01
  -3.0752362571512898e-01
   3.2441279357086178e-01
  -3.1113590412710446e-02
   1.3549734736829971e-01
  -2.5182420590629206e-01
   3.7659260646778364e-01
  -3.1906202066501677e-01
  -4.2978761806391597e-02
  -1.9207450448919952e-01
   2.2897974082920880e-02
  -3.0139168247878784e-01
  -2.7602968356521984e-01
   1.3506450199286119e-01
  -3.0850589756127722e-01
  -2.3172811025402607e-01
  -1.8221579804009674e-01
  -3.0288219639333858e-01
  -2.6006896316571926e-01
  -3.0107929924388360e-01
  -1.8003564016608278e-01
  -2.0398593742389137e-01
  -5.7770545890208636e-02
  -5.7897671650977145e-02
   1.5285437781971367e-01
  -2.0733490664689441e-01
  -2.1474382950539500e-01
   1.7009125816912457e-01
  -5.4796568080188401e-02
  -1.9307397228779991e-01
  -3.2193585181158113e-01
  -2.5186260759407120e-01
  -2.0141918419777549e-01
  -3.1055728849413533e-01
  -2.6922595314314235e-01
  -1.2288186102563492e-01
  -2.8311613168412109e-01
  -3.2115198632749364e-01
   2.4920610190286469e-01
   5.7378412088342712e-02
  -2.5716676748525946e-01
   2.8342146017076636e-01
  -2.7815292937004243e-01
  -2.9241214697145534e-01
  -1.3053229695352067e-01
  -2.9396865237938485e-01
  -1.4408465532303946e-01
  -1.2231239500552291e-01
  -1.5001356725040393e-01
  -1.7814100937428787e-01
  -1.5390326066620622e-01
  -1.4883326009632994e-01
  -3.1604812076944189e-01
  -2.6730597865585537e-01
   1.5251879719196970e-01
  -2.2614584805411247e-01
  -1.8214717042470718e-01
  -2.3724415221218481e-01
  -1.8581537492302438e-01
  -2.8534941853762802e-01
  -2.6975434887213923e-01
  -3.1681084451185348e-01
   2.5274140793331262e-01
  -2.1799436987057724e-01
  -3.2783502432627482e-01
  -2.6084994476573942e-01
  -3.0705543116785716e-01
  -2.4071223084342730e-02
  -2.7089187168754214e-01
  -3.6636448435393598e-02
  -2.0957933221400110e-01
   1.3705840284782289e-01
  -1.6076326525272910e-01
  -3.2479648642980008e-01
  -3.0436764491908869e-01
   9.8923615298998790e-02
  -1.8807075359138747e-01
  -3.0981839674683231e-01
  -1.5024625662802937e-02
  -1.1085132906620135e-01
  -3.0376107503535077e-01
   4.4091575032623392e-01
   2.5639242802070689e-01
   3.4786635883207323e-01
  -2.9968821142060031e-01
  -1.0156010098769744e-01
  -3.3242769584808846e-01
  -1.9829445146988475e-01
  -3.2452899341148184e-01
  -2.1669669405122305e-01
  -3.1375144491957141e-01
  -2.8097840713801764e-01
  -3.1217342760145195e-01
  -4.9129255022465124e-02
   2.1330241786753251e-01
  -2.3901448214523069e-01
  -3.0465699972924576e-01
  -7.6976942465217468e-02
  -2.5360001906973961e-01
  -2.6015928155404572e-01
  -2.1254897854985366e-01
  -3.0366657280755660e-01
  -1.9520517841439267e-01
  -2.0092372440922365e-01
  -2.9934699646743301e-01
  -1.4811733257694065e-01
  -1.8316556669569634e-01
  -1.6651462308529139e-01
  -2.9121945518793141e-01
  -2.9839562485820259e-01
  -2.6983964497180052e-01
  -1.7539546823189542e-01
  -2.5003150741950386e-01
  -1.7589937309780748e-01
  -2.8857932172221124e-01
  -3.0817385353388799e-01
  -2.5917789963615168e-01
  -3.1712383005381917e-01
   2.9634545676576918e-02
   2.3371669520459909e-01
  -2.7500871267120874e-01
   3.3342751521999386e-01
  -1.8558067766388422e-01
  -3.2667936361660233e-01
  -3.2294980435524279e-01
   2.4303825667545575e-02
  -2.5743728579850128e-01
  -1.8765373218301670e-01
  -3.2048444986370539e-01
  -6.5043644910294129e-02
   2.9902779128749618e-01
   3.1963388089985295e-01
   2.0206583335584311e-01
  -2.5965567360455744e-01
  -2.5888984736308374e-01
   8.0981458592974009e-02
  -3.2192795005273678e-01
  -3.2164623384730318e-01
   3.8377863706061222e-02
  -3.2118796230500335e-01
  -1.3741583660647816e-01
  -2.1428528232784877e-01
   3.2148781691569156e-01
  -2.1090366795803950e-01
  -3.2592885273896638e-01
   1.5265033154498125e-01
  -2.6686830498055347e-01
  -3.1217101861105873e-01
  -3.1213192641670695e-01
  -2.8120030525428164e-01
  -2.8532804428229225e-01
  -1.5167782561122833e-02
  -1.6547433167939521e-01
  -1.5172763548909912e-01
  -3.1245899726398818e-01
  -2.2504700726086593e-01
  -1.2970585022070341e-01
  -2.7701432530220593e-01
  -3.2659229267497086e-01
  -2.6090457503057324e-01
  -1.4725088711241066e-01
  -1.9733203572868013e-01
   1.0927166607147731e-01
  -2.7052046185471756e-01
   1.0029929320876568e-01
   2.7867925905254504e-01
  -2.6826316854398702e-01
  -2.4207699880853212e-01
  -2.9790102782296168e-01
   3.3868280864382744e-01
  -3.1773327139461499e-01
   3.9140666039065464e-02
   3.4620909015901830e-01
  -2.2136541717304983e-01
  -1.2292445057753273e-01
  -3.1761458184177793e-01
  -2.3835920104328179e-01
   2.7206550107972088e-01
  -2.8880136290612807e-01
  -1.5875127961791766e-01
  -3.2466941162191593e-01
  -3.2229182434451520e-01
  -2.0735647184733608e-01
  -2.5264212480574877e-01
  -2.8966342708012000e-01
   3.2856725972690920e-01
  -2.2457863543199563e-01
   3.2891005950400343e-02
  -3.1984670311347663e-01
  -3.1296327463167189e-01
   3.9404237453385121e-01
  -1.1217525299300496e-01
   7.0373278724814248e-02
  -3.1273404364115448e-01
  -1.2519049131454577e-01
  -3.2139309386943982e-01
  -2.2603891612235166e-01
  -2.3467507246515013e-01
   2.5608264518913210e-01
   1.2752912769940378e-01
   1.9154161441320577e-01
  -2.4168587731507257e-01
   8.7985164780787606e-02
  -2.0411921443925218e-01
  -1.8567879103050536e-01
  -3.1053346764003742e-01
  -2.4702535328234151e-01
  -2.6787670940848096e-01
  -1.1512717639557948e-01
  -1.4694297546182708e-01
   3.9052951616271842e-01
   3.3516845627667990e-04
  -2.9307657018848676e-01
   1.5366401861440382e-01
  -8.9075573467044783e-02
  -3.0136519879219126e-01
  -2.0639099534802921e-01
   2.3666753849492256e-01
  -3.4550842653794434e-02
  -3.2923638192137661e-01
  -2.0327466261334523e-01
  -2.6672138350288288e-01
   5.8664266313493474e-02
  -2.9795271072776841e-01
  -1.4784798793394782e-02
  -2.8319225565062622e-01
  -3.1430097281655356e-01
  -1.8646465122303141e-01
   1.8118517892786151e-01
  -7.3535333585279417e-02
  -2.6470081586069527e-01
  -2.2346620090101105e-01
  -1.4317161004495785e-01
  -1.9522986441515167e-01
   4.7126514524969021e-02
  -2.6975607970457216e-01
  -2.4690268971715579e-01
  -1.8443905039528019e-01
  -3.0554747021088230e-01
   6.5106810587979680e-02
  -2.7012234163097276e-01
   3.5865028974794710e-03
   3.8610523209342662e-02
  -3.2014639753406227e-01
   2.0491958899210849e-02
  -1.4983831433288658e-01
   2.7481727376155368e-01
  -1.1257078728004843e-01
   2.4146789985375111e-01
  -1.1342323348544608e-01
  -2.7155609826086424e-01
   9.3455260696913012e-03
  -3.0212486256189419e-01
   4.7442635675016498e-02
  -1.2782893934711032e-01
   4.5516784351045780e-02
  -2.2100331863189704e-01
  -3.0461306113335945e-01
  -3.3173721920053317e-01
  -3.0368765540638359e-01
  -2.7746951118465407e-01
   5.7951280281601736e-02
  -3.2164892507833392e-01
  -2.2673825591679664e-01
   1.3989496193220435e-01
  -4.0864236535509302e-02
  -3.2845193420756030e-01
  -2.9300698069082604e-01
  -2.2786443992812330e-01
  -2.6373793079568564e-01
  -1.5961699806563867e-02
  -2.9934789555645247e-01
  -2.3322641859915949e-01
  -2.7192359513380904e-01
  -3.2575241109556935e-01
  -1.2734425275263994e-01
   3.6865493794836873e-01
   1.2805808956991999e-01
  -2.9648565816314648e-01
  -1.9259359149072447e-01
  -3.2094673413665609e-01
   9.9000057646679296e-02
  -8.8851729343003699e-02
  -1.4640770326868216e-01
  -3.2150440511717243e-01
  -1.0793582814389283e-01
  -2.7377502090804279e-01
  -1.4369947509582751e-01
  -2.8782358067445379e-01
  -1.3023186929981273e-01
  -1.4999999255702023e-01
  -1.4924525700027727e-01
  -1.3985772465020857e-01
   3.2550027253315755e-01
  -2.1381699564645443e-01
  -2.1983199864562603e-01
   1.9945709575256337e-01
  -2.9878351652705371e-01
  -1.7574455253798252e-01
  -3.1405715079823349e-01
  -1.2065614775847724e-01
  -3.2807139271565161e-01
  -1.8019039240947582e-01
   3.7350786730409646e-02
  -2.8011180122442902e-01
  -1.5956272742162086e-01
  -1.8162647687597913e-01
  -2.8891348533270356e-01
  -3.1785778793876951e-01
  -6.8307479502530133e-02
  -2.9885160599026350e-01
  -2.8926997964844642e-01
  -2.6103681432298020e-01
  -1.1788325511990208e-01
   4.1168372021669847e-01
  -2.1854352884227152e-01
  -1.4905564958971651e-01
  -2.8093844987777161e-01
  -3.0235252513784683e-01
   1.8966702344258352e-01
  -2.2234035661322393e-01
  -3.0861607254842854e-01
  -7.7959967010300280e-02
  -1.4292830769636719e-01
  -2.9030242233941811e-01
  -1.1044230715593850e-02
  -3.0248150726756556e-01
  -3.0995643359371911e-01
   2.1348355215642772e-01
  -2.4962847776672395e-01
  -2.7582947190514412e-01
  -2.7903897455576393e-01
   1.1627162563674315e-01
  -2.8586686610226675e-01
  -1.3514949787539360e-01
  -5.3426269366921186e-02
  -3.0551590046188265e-01
   4.1026463674479458e-01
  -1.9638766983993799e-01
  -2.4975536257756192e-01
  -3.0673106676223072e-01
  -1.5692564609694842e-01
  -2.0340029917866667e-01
  -8.2614463751296829e-02
  -2.5981291126763162e-01
  -2.9464298098626257e-01
  -3.1037788969772789e-01
  -2.0940264338055412e-01
  -1.6370131057774265e-01
   2.8874802987644499e-02
  -2.3787206549541873e-01
   5.7276037318907513e-02
  -2.4826819948320816e-01
  -1.9534751364526706e-01
  -2.9584810255890293e-01
  -1.5694025846261006e-01
  -3.1484643733249829e-01
  -3.1857510443185838e-01
  -3.2690294901347144e-01
  -1.6756657342595632e-01
  -1.3895713334286733e-01
  -3.0839003000847054e-01
  -3.0405693764210118e-01
  -3.2130881865586153e-01
  -3.0977536977184078e-01
  -2.0716073713954103e-01
   3.6875342014787077e-01
  -2.2303178029671464e-01
  -8.0619264680874492e-02
   7.6020918112056968e-02
  -2.6418929038866285e-01
   4.0903581149925722e-01
  -2.3698149572584576e-01
  -6.2044500826788918e-03
   2.5906108549112555e-01
  -1.0348221656778170e-01
  -1.4230307628378788e-01
  -2.1471938376555075e-01
   1.7358949925078709e-01
  -2.9806277895243627e-01
  -3.1667764369991785e-01
  -5.1622993637052195e-02
  -1.1892065620966774e-01
   3.8569668583376016e-02
   1.4664427912718031e-01
  -5.7990953818795543e-02
  -2.7976466866564470e-01
   2.9519957256420376e-01
   6.6467458312483740e-02
   2.6759312504804178e-02
  -3.0904329220012206e-01
  -2.4879647921246395e-01
  -2.1568574911049743e-01
  -3.3374074530810038e-02
  -2.4281179760041782e-01
  -9.1257974921734542e-02
  -1.9602795303848752e-01
   1.2232985675624986e-01
  -1.8901478864506149e-01
  -2.2007187828638675e-01
  -2.8456207211232165e-01
  -1.5529243550612190e-01
  -2.9176339676568241e-01
   9.1177107565655335e-02
  -3.1956439065087455e-01
  -1.8056238173714675e-01
  -3.0518082354417470e-01
  -1.1332543059242561e-01
  -2.6491266515785827e-01
  -2.8077598637137768e-01
  -2.7512530628970211e-01
  -2.7577932005883282e-01
  -2.5921232378124426e-01
  -3.2450772819755636e-01
  -2.5872984119233650e-01
  -4.3867209289090936e-02
   9.4125385419162322e-02
  -2.7821063158582365e-01
   4.6249196229469769e-04
  -1.2315004873561028e-01
   7.0818185291619817e-02
  -2.1371688011872150e-01
  -9.0423684673998639e-02
  -8.0353800661384700e-02
  -2.9892668177825499e-01
   3.9329305060137915e-01
  -1.0718185188226645e-01
  -2.6225009477622258e-01
  -6.0341095422525859e-02
  -3.1679563665875643e-01
  -1.7008914169153583e-01
  -3.2061652105777622e-01
   1.3021108554350386e-01
   5.8646102611514261e-03
  -2.7463571455041552e-01
  -6.7646909184881199e-02
  -3.0254682308635916e-01
  -3.0162705829816683e-01
  -2.3846968497771737e-01
   2.4958419363356071e-01
  -1.4827476810328460e-01
   2.0448764992881213e-01
   3.7431323942698880e-02
  -2.1443940589890526e-01
  -2.1719107376538321e-01
  -2.0558490353811396e-01
  -3.1893678473260845e-01
  -2.1894523991898468e-01
  -1.7040342893831001e-01
  -2.6005643535744144e-01
  -2.4569237865055382e-01
  -2.6734512429491319e-01
  -3.1245862182071432e-01
  -3.0868271675826564e-02
  -2.8774263364849761e-01
  -4.0724175166301779e-03
  -2.7226743021157807e-01
  -3.1586986307139148e-01
  -2.9829186637572203e-01
  -5.7150858483695055e-02
   3.8047168213389743e-01
  -1.9679915556169902e-01
   1.6169669464706393e-01
  -1.7036214356460658e-01
   3.0354424898471005e-01
  -2.7367206741419153e-01
   1.1059895486113092e-01
   3.4383915984235697e-01
  -1.9150003116104072e-01
  -2.3200107189323008e-01
  -2.8871413314822608e-01
  -2.4699272054454263e-01
  -3.3028661148014066e-01
   1.7666227112378419e-04
  -3.2449100157097871e-01
   1.1952488516891024e-01
  -3.2231806723308015e-01
   1.9405229548837372e-01
  -2.9015149965302678e-01
  -2.9335725105398736e-01
  -1.6805842043037228e-01
  -2.1966398503191154e-02
  -3.0256080846792888e-01
  -2.7969654056298038e-01
  -2.7262434620845521e-01
  -2.8452381277865846e-01
  -5.8247072053894622e-02
  -3.0873407873953479e-01
   7.4544429353020913e-02
   3.9704957302839333e-01
   2.0443286302136060e-01
   3.9151601077877268e-01
   8.7916405277686849e-02
  -9.5085340362736553e-02
  -3.0632732479019675e-01
  -2.3120062520034573e-01
  -1.9124199430845476e-01
  -2.5311971552842744e-01
  -2.7931583090946666e-01
  -2.8001511795069411e-01
  -5.6086339756517001e-03
  -2.6025256704017635e-01
  -3.1823190546985386e-01
   2.4065484207647342e-01
  -3.2397388064849353e-01
   4.3422564898790206e-02
  -1.1151260514085576e-01
  -2.0303346054577864e-01
   1.3948261537034601e-02
  -2.7720271999748164e-01
  -2.9255493048891079e-01
   5.2741614783113289e-02
  -4.7290258499233018e-02
  -2.4632234207526013e-01
  -3.1632637628183757e-01
   2.1293726825293663e-01
  -2.9280523540352477e-01
   9.1811214491464510e-02
  -2.9494712693468794e-01
  -2.9704404576357579e-01
  -3.0651527571912440e-01
  -8.8122705757689407e-02
  -2.2828293994840476e-01
  -6.6713114864994483e-02
  -2.3941935909206649e-01
  -3.9666470335300186e-02
   2.1697800550037877e-01
  -6.0468204129133840e-02
  -1.0163215321348920e-01
  -3.1783830143259689e-01
  -3.2407934456596582e-01
  -3.2122361854623099e-01
  -2.2904638284675016e-01
   5.7834319937303313e-02
  -2.7552894562943558e-01
  -3.1053528803703084e-01
  -3.1338466725662634e-01
  -3.1098094171588314e-01
  -3.1557213667776368e-01
  -3.2045895750871195e-01
   3.3004004963033073e-02
   3.0680584546238771e-01
  -3.2471229702883292e-01
  -2.6305297008328238e-01
   3.7038383586336726e-01
  -1.6564289476604410e-01
   6.6524829162173948e-03
  -2.3419555302678383e-01
  -6.8226993135004466e-02
  -1.3071543372315084e-01
  -2.9215668306488085e-01
  -3.1335119078021939e-01
  -2.0133848690641010e-01
  -2.0798928224523794e-01
  -2.4220731935898782e-01
  -8.1409818101556286e-02
   3.7374980711140798e-01
   2.9309166146095827e-01
  -3.0070672392210873e-01
   6.5217823877572467e-02
  -3.2629602653300405e-01
  -1.8474321063531160e-01
  -5.0399055395432490e-02
  -2.9204715274706772e-01
  -2.8257216145452840e-01
  -2.8566668764214531e-01
  -3.1145037550467530e-01
  -1.8864593416640701e-01
  -3.1863524780630342e-01
  -8.4332997511275459e-02
  -1.6615088691800592e-01
   1.9761278151368905e-01
  -2.0728377259424477e-01
  -1.2087712980647802e-01
   3.6206656533916803e-02
  -2.7625433002336008e-01
   3.0798118675802716e-01
   3.2725593580679052e-01
   1.2149403385878832e-01
  -1.5070532358133787e-01
  -5.6121808673750828e-02
  -2.4526681346096424e-01
  -3.1637797852354821e-01
  -1.3963200645522722e-01
   2.3316014812199620e-01
  -2.4630184857349274e-01
  -2.8127840802040804e-01
  -2.7130912517487171e-01
   3.1491533895350360e-01
  -1.7558107801902847e-01
   6.3795724943207011e-02
   5.5802570187996448e-02
  -2.2213013229293876e-01
  -2.6161955887117128e-01
  -1.9764955541951973e-01
   2.6556696630103366e-01
  -3.0901093806530988e-01
  -3.0573859053103009e-01
  -3.0397112159271988e-01
   3.8642804011927151e-01
  -2.0956843565473809e-01
   7.9887982426046888e-02
  -2.9727616884840519e-01
  -7.2764224893906437e-02
  -8.2914070804654127e-02
  -9.7844667282923681e-02
  -2.6827739091167307e-01
  -2.5934288668230210e-01
   3.3559385319060692e-01
  -3.1401106408908325e-01
  -8.8470676560224421e-02
   3.9054753702735251e-01
  -3.0565154682918660e-01
  -3.3015585337657805e-01
  -3.0987521352323477e-01
  -2.6335510797863387e-01
  -3.0417636015702182e-01
  -2.5242354629889813e-01
   7.7124522620473035e-02
   1.8100145682946239e-01
   1.3004296144143696e-01
  -1.8955891831907404e-01
  -8.7930895347795857e-03
  -1.5928675036786305e-01
   2.2438008805557519e-02
   2.7634325558526412e-01
  -2.5562204044384756e-01
  -3.2381609821114632e-01
   8.9608424370075379e-02
  -2.4057971638406836e-01
  -1.6430657435647644e-03
  -2.3545741638067963e-01
  -1.9958322299901429e-01
  -2.4858059269645522e-01
  -1.2319708716802699e-01
  -3.1412445522789784e-01
  -1.6531316992770495e-02
  -2.0711637282956935e-01
  -1.3088496094705748e-01
  -2.5286332409706147e-01
  -1.6443547459962837e-01
   2.7459314316719680e-01
  -2.9953840020706396e-01
  -3.1216225970076927e-01
  -2.2763487285570042e-01
  -1.7833459606888322e-01
  -3.2058402283120296e-01
   3.4087862045682443e-01
  -3.1725575353911073e-01
  -2.5405002267774762e-01
  -1.3972413211736828e-01
   1.4901085217066457e-02
   1.3767013485497664e-01
  -3.1910514526194095e-01
  -2.4602895750135190e-01
  -1.0497226260362438e-01
  -6.0636874977342881e-02
   6.5152763507146938e-03
  -1.7622592225874603e-01
   3.7860420647519766e-02
  -3.2150530090429963e-01
  -2.8904261061139408e-01
  -3.1982954476115688e-01
  -1.5585109902391017e-01
  -1.1821538961318670e-01
  -2.7539238012784584e-01
  -1.2423786439479326e-01
  -3.1622501246273182e-01
  -2.9353606915194286e-01
  -1.6680061337461219e-01
  -3.0631433113056811e-01
  -2.4180894849959317e-01
   3.7895560441544351e-02
   3.5816936866600385e-01
   3.4996744129111496e-01
   4.1739762957128340e-01
  -2.3451352401209014e-01
  -9.5695265263544160e-02
  -3.1716484840952647e-01
  -5.2411544662044562e-02
  -1.6204824690160075e-01
  -3.0482752829817983e-01
  -1.2528036248364458e-01
  -3.1289540162462465e-01
  -3.0167807951080006e-01
  -2.4311146203158701e-01
  -2.4748080126976291e-01
   1.7833590695555018e-01
  -2.2439095071204634e-01
  -2.2132145394997782e-01
   3.2291720304212962e-01
  -3.2583333626861538e-01
  -4.6417027087614138e-02
   1.0520808305154511e-01
  -1.8323677164514116e-01
  -2.2982422683940329e-01
   4.5923145993125525e-02
  -3.1267504126051593e-01
  -2.5650774618740280e-01
  -1.2681788947087527e-01
  -7.0248089249477841e-02
  -7.0481334190493350e-02
  -3.1391792803886703e-01
   8.6930116617649544e-02
   3.2397795168577720e-01
  -1.3306077265372376e-01
   2.0999023476515960e-01
  -1.4209503685572472e-01
  -2.2531384088079920e-02
  -3.0480388181692808e-01
   1.5535101498149106e-01
  -1.8945181759512122e-01
  -1.2482099728205900e-01
  -2.4970316003974982e-01
   3.5791294891444009e-01
  -2.0430021327477055e-01
   3.3190181032877158e-01
  -1.5530215883152618e-01
  -2.3732324131028087e-01
  -2.5651807801030202e-01
   3.1961874293370102e-01
  -2.2482290762704416e-01
  -2.1759641170821559e-01
  -2.2183742787010191e-01
   1.0120754731207204e-01
   7.4489613939194121e-02
  -1.4243299079747726e-01
   2.3576394573361442e-01
  -2.2506074949073041e-01
  -2.7720357025922293e-01
  -3.0591234444849169e-01
  -3.0535656670772254e-01
  -1.1066601453610816e-01
  -2.4371230631641133e-01
  -1.7192315314213144e-01
  -1.0764712353274675e-01
   9.1517087966054289e-03
  -8.6387351215123503e-02
  -8.8359232561338569e-02
   2.5797101930322491e-01
  -2.9265509307022997e-01
  -3.0346286880228329e-01
  -2.9758294193937124e-01
  -1.9606859416348668e-01
  -1.4926135075637748e-01
   3.4382912619472683e-02
  -2.3763275775036380e-01
  -2.5209802017993888e-01
  -1.0918877375777922e-01
   8.9418232675592124e-02
  -3.1665337063353466e-01
  -1.8490331542621280e-01
  -2.3119085688781327e-01
  -6.4442301117310696e-02
  -3.0548376521411491e-01
  -2.0324320763144829e-01
   2.2592186166254302e-02
   1.3650475225617154e-01
  -2.6287943160816363e-01
  -3.1236429006392191e-01
   7.8968666984317704e-02
  -8.6325833656937662e-02
   1.2401545730994601e-01
  -2.7126348148184409e-01
  -2.2850904210910064e-01
  -2.8106751020206633e-01
  -2.7733018876381432e-01
   3.1646650616301458e-01
  -2.8342213441797937e-01
  -1.8903281171680258e-01
  -2.5338720147310334e-01
  -2.9818638249194307e-01
   2.0769298701874245e-01
  -1.5709899979226696e-01
  -2.5324210445763767e-01
  -3.2170604111869189e-01
  -2.8597809502052929e-02
  -1.4985087940110731e-01
   2.2033850952261463e-01
  -5.3689079426581077e-02
  -2.6243023031399437e-01
   2.3162112097888771e-01
  -1.7977112298166079e-01
  -6.7051825271997989e-02
   3.5865095608128134e-01
  -1.2254955089529540e-01
  -1.0487558499575697e-01
  -2.5034372436757502e-01
  -2.0366406429001754e-01
  -2.6222293685784226e-01
  -2.9270201633813631e-01
  -3.0522441421743085e-01
  -2.5862826363245117e-01
   2.6224425760099740e-01
  -8.4315077783632564e-02
  -2.7818746538852734e-01
   3.4736762427582440e-01
   2.3322190780667279e-01
  -2.3663134371578187e-01
   3.5357205011343923e-01
  -2.8469072474197094e-01
   2.8532730199729267e-01
  -2.8127351786831473e-01
   9.9376180374260548e-02
  -2.8117602952151488e-01
   2.8458291060070923e-01
  -2.7716574799225152e-01
   3.5991070310002254e-01
   1.1576385993205829e-01
  -2.9361785900494253e-01
   2.6765968277154800e-01
  -2.4224101431275824e-01
   2.8686771577378584e-01
   3.3799817355467004e-01
   9.9263861278047594e-02
  -2.2472575013500484e-01
   3.0728792640403363e-01
   2.3976833958132326e-02
  -2.9711669001646646e-01
  -1.5635606378069972e-01
  -2.9639216129891832e-01
  -3.2224859275467471e-01
  -3.1366047439416911e-01
   8.8987729925782577e-02
  -2.9264345279813858e-01
  -3.1017791292687219e-01
  -2.2553562962671611e-01
   9.8500569438434382e-02
  -7.9504492456109077e-02
  -2.6859248316958584e-01
   5.2281468039946377e-03
  -3.0631470701460722e-01
  -2.5100959605959000e-01
  -2.2853824728409672e-01
   2.1528349762341020e-01
  -1.2559237581539345e-01
  -2.7007130516564876e-01
  -8.9348833195378563e-02
  -3.0863757793922664e-01
  -3.2419417469864054e-01
   1.8324709486000385e-01
   1.0744472538837624e-01
  -2.5828701943436183e-01
  -3.0387125980834129e-01
   5.1402009616142386e-02
   2.7770956494651849e-01
  -4.4888179882904722e-02
  -2.8092736332280965e-01
  -3.0300009744892092e-01
  -1.3349476337567945e-02
  -3.0163017262956643e-01
   3.1371979846298986e-01
  -3.0238377939026884e-01
  -3.1574407540406746e-01
  -1.9701435083957847e-01
  -2.1533796811238914e-01
  -3.2910907040748505e-01
  -3.0768542423911183e-01
  -1.7765303615731712e-01
  -3.1265644878821042e-01
  -2.0321996536559384e-01
  -2.2951914312322952e-01
  -2.3324600383640554e-01
   1.9074415697798180e-01
  -2.5811147558521264e-01
   2.4792854763646915e-01
  -2.7432159864544220e-01
  -1.7044524487047844e-01
   4.2875848947758533e-02
  -3.0490628114245549e-01
  -2.8720941763905339e-01
   1.7230255525143284e-01
  -3.0561937376674830e-01
   2.9832960584805629e-01
  -2.3565350752273656e-01
   1.9175336368058488e-01
  -1.0823087517471389e-01
  -1.9538038383276835e-01
   2.6151350517193123e-01
   3.0886161719819066e-01
  -3.2245592600323097e-01
   5.5409097355875736e-03
  -2.8224977704820481e-01
  -2.7640485550722704e-01
  -3.2672918600025891e-01
   1.0895362212215848e-01
  -2.3747906939814756e-01
  -1.4879433867311306e-01
   2.4759046142465940e-01
  -2.0497979276898395e-01
  -1.4174294296181184e-01
  -3.0663396398627324e-01
  -2.1477177710210435e-01
  -2.0972261128061750e-01
  -2.7263918903223167e-01
   4.0517857943857088e-01
  -2.5726885327413168e-01
  -2.3283075386617416e-01
   2.4948567838402602e-03
   2.0737055945343136e-01
  -3.2685758343447285e-01
  -2.5183306104178438e-01
  -2.8149656852376287e-01
  -3.2799198720984751e-01
  -2.9625055676552092e-01
  -2.4480890076226114e-03
  -3.1525315756840161e-01
  -3.2558301651363097e-01
  -2.7508134427830661e-01
  -2.4758362730141498e-01
  -2.2207866882674387e-01
  -2.9395097727824587e-01
  -2.0087551864752279e-01
   2.1035555894927932e-01
  -2.0695129568277856e-01
  -2.9082186311520553e-01
   8.1644529402661314e-02
   7.5898253937800475e-02
   9.1972129839368200e-02
  -1.5605080075209038e-01
  -2.9574981416041357e-01
   2.1950920361834880e-02
   2.8994533394834604e-01
   1.9696309292195441e-01
  -1.6007254135127294e-01
  -3.2129113889079286e-01
  -3.1313770872818608e-01
   1.3784788558538791e-01
  -3.0530597339216886e-01
  -2.6779213602035523e-01
   2.2527665306383676e-01
  -2.7822875294186067e-01
  -2.9054360943646107e-01
  -2.3744088884657299e-01
  -8.5309849884591393e-02
  -2.8264418747106068e-01
  -1.3261744536869433e-01
  -1.9379099072268871e-01
  -2.7526002447598830e-01
  -2.7824123802629158e-01
  -2.5777672900048465e-01
   4.0268558794769743e-01
   5.1492382752828525e-02
  -2.6660987620209575e-01
  -3.1810192620147926e-01
  -1.6597756748767620e-01
   1.3159011317157115e-01
   1.7958055645985888e-01
  -2.3403083677812803e-01
   2.4899706409670597e-02
  -3.2639266526727984e-01
  -2.6392656574369672e-01
  -2.5355025735274073e-01
  -1.4382762439044017e-02
  -1.1096953054221884e-01
  -1.5683763633237174e-01
  -2.3184691441331734e-01
  -2.5275805102850396e-01
   2.3032528539953240e-01
  -2.7740241310765001e-01
  -3.0064387476547555e-01
  -1.6094608824294035e-01
   3.0625588651532382e-01
  -2.5111419514283417e-02
  -8.4589362284060332e-02
  -3.1073882690778820e-01
   7.5597848471306184e-02
  -2.2403558388344169e-01
   1.8304112987230708e-01
  -1.3930108876711941e-01
  -1.8142859129594147e-01
   4.0887612240461430e-01
  -2.9756709993921382e-02
  -4.8341004758279960e-03
  -3.2251725993045444e-01
   1.0005346077361671e-01
  -2.5270910468268132e-01
  -2.4423668290333034e-01
  -2.5510862756419117e-01
  -1.9665064704316415e-01
  -7.3982784522578005e-02
  -2.6496035717492028e-01
   8.7875927882037297e-02
  -3.8272623972483433e-03
  -1.0579018287361047e-01
  -2.5331506530378861e-01
  -2.1847723235917588e-01
  -3.2899006526793773e-01
   3.1412974070934702e-01
  -1.4822205550250261e-01
  -2.5800811595737339e-01
  -1.1006231356507803e-01
   2.2492647988156705e-01
  -2.3558660561925640e-01
  -3.1110240888950969e-01
  -3.0374361926510257e-01
  -2.6476893100485421e-01
  -1.1345071762389269e-01
  -7.6329866117095246e-03
  -3.2605747918418465e-01
  -3.1196371816919000e-01
  -2.8049382157790753e-01
  -2.2994469079366059e-01
   1.4310072522712314e-01
  -2.3341088447065295e-01
  -6.3986482804197775e-02
   1.9341525373218255e-01
  -8.2306170844093696e-02
  -2.9093802186187995e-01
   2.3709457033196518e-01
  -3.6024832552188135e-02
   5.3636662764370291e-03
  -1.5697194726527156e-01
  -1.6338646952020763e-01
   1.1654516051910285e-01
  -2.3828854479730721e-01
  -1.0765777099111279e-01
  -3.0377438876980228e-01
  -1.2107127183004326e-01
  -3.2441383147043440e-01
  -2.4139490272658820e-01
   3.4877116871616270e-01
  -1.4432783972893160e-02
   1.5308317210502392e-01
   1.4752129688567317e-01
   6.9200589543631230e-02
   3.4244032063066587e-03
  -2.2274552598202518e-01
  -3.0520146712451862e-01
  -3.2139255305396536e-01
  -2.8451966145422225e-01
   3.5129214144227427e-02
   2.2506792278800819e-01
