   6.0517398300478562e-04
   8.7972534193955912e-02
   7.6045390506350757e-02
   1.4605157832380603e-01
   2.7758677700056916e-01
   2.3782558478679003e-01
  -6.9756912979935110e-02
  -9.9189426546725575e-03
   1.9153768881563998e-01
   1.8262136644853388e-01
   9.1765610033184286e-02
   1.3303068398228993e-01
  -1.1085777775058102e-01
   1.8924591636046796e-02
   2.5568648213188888e-01
  -5.3218884885557108e-02
   4.1451984990793687e-02
  -1.6479107018482222e-01
  -2.8928815837020137e-02
   8.1172451466361581e-02
   2.5810296633401797e-01
   2.8415340074916390e-01
   1.3112724941479756e-01
   1.4947496297277763e-01
  -1.7007293899391637e-01
   7.8888328316452316e-02
   1.0259802377155149e-01
   7.1420676562448229e-02
  -5.5439309140599413e-03
   1.2077463161887998e-01
   9.0645240231344640e-02
  -1.6504162884045478e-01
   3.2154813457679614e-02
   2.9633368532367749e-01
   2.6687339746132133e-01
  -1.1247977880339569e-01
  -3.8122177461022561e-02
   1.7872366875688472e-01
   2.0688674617170053e-01
   2.4570793000423677e-01
  -3.0125887408612435e-03
   1.5945603784639684e-01
   2.4368879963866860e-01
   2.0715189112184837e-01
   8.9465040927103626e-02
   6.1377920118657232e-02
   7.8284215226276627e-02
  -6.4674987445803911e-02
   6.8925711969223480e-02
   7.7826714074645253e-02
   3.7527586472000676e-02
   4.1675065249244039e-02
   8.9044866884154680e-02
  -5.2464699112673943e-02
   1.2405774907910191e-01
   2.6668768301995627e-01
   1.0450724021355112e-01
  -6.3382546959476066e-02
  -3.1777365315264268e-02
   1.3275396089266667e-01
   1.5165704405017069e-01
   6.0352891772846813e-02
   1.3368613565620133e-01
   2.8914512811175730e-01
   2.5089670297772015e-01
   3.2838130615713723e-01
   1.7311039182646337e-01
   8.8490554123261109e-02
  -1.2220016124246848e-01
  -3.1882641459776845e-02
  -4.6167484371818140e-02
  -1.0424091535905106e-01
   2.8908863460943685e-01
   2.6103895450452708e-01
   1.8528355544545230e-01
   1.2414979157048452e-01
   1.5889403618311049e-01
   2.6543385827994331e-01
  -1.5621467256740790e-01
   2.4411199915169524e-01
   1.2309111866487055e-02
   1.3236127021410141e-01
   2.7692745566023075e-01
  -1.3037582277945764e-02
  -1.2200752169097807e-01
  -1.6379389738789982e-01
   1.1187515493910370e-01
  -1.0719050899983319e-01
   4.5321483847241906e-03
   8.8051119814313378e-02
   1.2638167582468177e-01
   7.3730721926719561e-02
   7.7406468589182771e-03
   1.0070597233914248e-01
   2.4079971802867903e-01
   1.6948736606980599e-01
   1.9502923827092367e-01
   1.3012999875268663e-01
   2.2377954382894980e-01
   8.4170878579358122e-02
   1.4094965737429399e-01
   2.3215054282938463e-01
   2.8741041910278670e-01
   2.7424170955441307e-01
   2.4464395485908816e-01
   1.2993769184764387e-01
   1.4867834269775981e-01
   5.5686934952001943e-02
   1.4456583673937987e-01
   1.8820278910306601e-01
   1.3719291714235954e-01
   1.7960071518867995e-01
   2.4104655177218481e-01
   1.2861179728806515e-01
   1.8985283126273924e-02
  -6.1277268680178909e-02
  -1.1607975758334454e-01
  -1.7789221744373165e-01
   2.3919307111590033e-02
   6.8508045357390107e-02
   1.8513050674394960e-01
   4.4169948912081303e-03
   2.2835837557824260e-01
   1.3319084414107465e-01
  -2.6874840190663989e-02
   8.5404552429190636e-02
   1.1910071169377656e-01
   1.7217707978672164e-01
   1.8577568331240127e-01
   3.0058532274351471e-02
   1.6401169186043907e-01
  -6.9232911235151851e-02
  -8.7555774173158213e-02
   1.2014385078186228e-01
   4.4752989142563662e-02
  -1.1973128569435998e-01
   9.5721058280687832e-02
   2.0863724535249287e-01
  -6.6163608007553437e-04
   2.7541533738802326e-01
   1.3160607810523539e-01
   1.3112135201644912e-01
   1.3791402994087207e-01
   3.0046500172477997e-01
   2.6786041210971673e-01
   2.0120983387966865e-01
   1.5273657128657966e-01
   1.5728221507722692e-01
   7.0082288342635191e-02
   1.5326680057286590e-01
   6.4886794753988133e-02
   2.2048291870369907e-01
  -8.0398605037410406e-02
   2.2322742871822129e-01
   3.2840467371408687e-02
  -7.6651010725520594e-02
   3.1550346341966892e-02
   2.0815971007349715e-01
  -5.7045581247770726e-02
   1.1511638937976562e-01
  -1.1310792559346809e-01
   2.2753690102531698e-01
   1.7914535368666176e-01
   9.6231919993640003e-02
   2.1260365342876247e-01
  -1.5591732255933893e-02
   1.0510256770727457e-01
   6.6869100207933893e-02
  -5.2734639539102457e-02
   2.4481410038521514e-01
  -1.0745159669146875e-01
   1.6618643891012785e-01
   2.1215107727776533e-01
  -4.3375669803900167e-03
  -7.1863491813069766e-02
   2.0986193078932053e-01
   8.4861832200939680e-02
   1.6417190422791195e-01
   2.6202789701135615e-02
   1.3496618106514552e-01
   3.0492053557681409e-01
   5.5828452060438780e-02
   1.8486436764018221e-01
   1.6710845999825497e-01
   1.5327383866751979e-01
  -1.6597461214033749e-01
   2.6833125862338586e-01
   2.5619985837327258e-01
   1.2535469933698049e-01
   1.7506159116961179e-01
   1.4262430574053298e-01
   2.3072875076953836e-01
   2.5497540564056320e-01
   1.2886458362215261e-01
   9.8804786001025394e-02
   1.2953073888568073e-01
   9.2042326556953782e-02
   1.4487432550326046e-01
  -3.3668108631739663e-02
   3.5244371828358587e-02
   2.4382731537814906e-01
   8.2162875831045243e-02
  -1.0557470551018226e-01
   1.2468069714673662e-01
  -4.4755906765294798e-02
   1.6696103976433269e-01
   5.3727455040947662e-02
   1.6951222841514058e-01
  -7.7985049740523255e-02
   1.2668399558270932e-01
   2.3377212907253957e-02
   1.9890120357916377e-01
   2.5145273629628845e-01
   1.6182557006744361e-01
   1.9269788283845954e-01
   2.3773162561642258e-01
  -9.4515660741897087e-02
   2.6193670395829988e-01
   1.2304550667988512e-01
   1.2739149360185206e-01
   8.9330463357027767e-02
   2.0178430252493781e-01
   2.2766537697828704e-01
   2.4895076615868483e-01
   2.1426667257455145e-01
  -1.1623954720498277e-01
   1.5836179208338350e-01
   1.9542055461027158e-01
   2.7812248481008034e-01
  -5.6650097777307333e-02
  -4.9370790436596500e-02
   2.9809129906859078e-01
   4.5730470503841852e-02
  -6.4696370193447886e-02
  -1.3454285405971586e-01
   2.2300205806927254e-01
  -1.6461711698522075e-01
   1.5917607556235777e-01
  -1.3924841877829050e-01
   1.9662419212789431e-01
   2.7278131734748007e-01
   1.5166709451249077e-01
  -8.3282049029295521e-02
   1.0685232331271466e-01
   1.7495535392928158e-01
   6.5940207988576735e-02
   1.8844252530683137e-01
   1.6777543565252229e-01
   2.9698552968695606e-02
   1.3893843920681855e-02
   1.5202369160524190e-02
   1.9912767025304401e-01
  -9.6546019303475214e-02
  -5.9746853922721603e-04
   2.5769967555339246e-01
  -7.6142488395074925e-02
   1.1715709738729849e-01
   1.1029134832768581e-01
   1.5591963325116071e-01
   1.2188833161476718e-01
  -1.3552731190118822e-01
   3.1862085059362394e-01
   1.7336991862762322e-01
  -1.1352865110259545e-01
   2.1599175399036527e-01
   5.9798462986690455e-02
   6.3955505036622881e-02
   5.6780296069270972e-02
   1.5137671728777538e-01
   6.5886917843920242e-03
  -2.0356246797559017e-02
   1.5178036306298165e-01
  -3.8048394003579525e-02
   2.4671198782061465e-01
   2.0931689701371792e-01
   1.9586246462992282e-01
  -5.1824700028608867e-03
   7.9267001715194019e-02
   1.0509440477020381e-01
   9.9449956222869493e-02
  -1.4916509499327310e-01
   1.8148436543633589e-01
   8.4369051282756735e-02
   1.2394973385329632e-03
   7.0970033510240213e-02
   9.6334203447739325e-02
  -1.4733929100150664e-01
  -1.3394068950564615e-03
   3.0780302556410577e-01
   2.3424866361032415e-01
   5.5612076817796521e-02
   2.2984140748236814e-01
   2.6094128574714637e-01
  -1.2869918707371045e-01
   3.3514281788294670e-01
   7.8996238492788001e-02
   9.9881485634586445e-02
   1.2601801251948913e-01
  -6.5290078964438697e-02
   9.9276649360851899e-02
   2.8840962728105792e-02
   4.9197270062638701e-02
  -1.1467200499671056e-01
   6.0588088963270510e-02
   2.4578918438759689e-01
   1.3501989118736740e-01
   4.8171089688754665e-02
   1.2781894405124445e-02
   5.6818094546997738e-02
   1.7490791650469259e-01
  -1.3376053797908546e-01
   1.9023777315481524e-01
   8.5767095726154971e-02
  -1.5336368687397436e-01
  -3.9408231912023160e-02
  -9.5971583465049980e-03
   1.5820718717942901e-02
   1.4149032020522109e-01
  -1.1366445651887309e-02
   1.7437610837529660e-01
  -4.2840780615215915e-02
   1.9784504550704098e-02
   2.6821568121085237e-01
   1.7285928366510082e-02
  -7.0590372189025932e-02
  -1.4714331531296421e-02
   2.6620704615328600e-01
   8.9354314470379892e-02
   3.0817621014229091e-01
   1.9277188874842729e-01
   5.6839782256002461e-03
   2.5789351894032370e-01
   8.2549099114042679e-02
   8.7594379345836054e-02
   9.6620642642859356e-02
   1.9193089313317904e-01
   1.1905614355240140e-02
   2.5954536247971477e-01
   2.2457413116594532e-01
  -1.7809443871802214e-01
   8.8813717563541339e-02
   1.3531750425725067e-01
   7.3637855953930506e-02
   1.8014945671946750e-01
   7.7256625295207257e-02
  -4.4216083669691202e-02
   8.1395655272120879e-02
  -1.1266236549481988e-02
   4.0539276556033399e-02
  -6.6257073971053376e-02
   2.4303783383180347e-01
   1.5581094683521640e-01
   1.1015125756842178e-01
   1.3384476477096588e-01
   8.1174733598608398e-02
   1.1003067523649628e-01
  -3.4415820248498534e-02
   2.8067958395593018e-01
   8.2279699845809226e-02
   2.6222750253776567e-01
  -4.5140283878694915e-03
   2.6630579883325595e-01
   3.9038902508491659e-02
   1.8135930780521625e-01
   2.4819656309652505e-01
   1.3312225947331377e-01
   6.8517558947632728e-02
  -8.9989656151873612e-02
   1.6774348349822801e-01
   1.4261050000599115e-01
  -7.5256241615394528e-02
   3.6310829730430018e-02
  -3.0412799438411332e-02
   3.2071857775188228e-01
   5.0624713506546772e-02
   5.7621554868258165e-02
   1.2667062411218039e-01
  -1.0390450480869703e-01
   2.7729412544676485e-01
   1.3598090799291662e-01
   1.8784047953475622e-01
   1.4754081439868827e-01
   4.5099742046128211e-02
   2.3528667431332789e-01
  -1.4333909598872638e-01
   1.7793381422257806e-01
   1.5525070299790933e-01
   6.5121937802764499e-02
   2.2530453281340562e-01
  -8.2109938030092006e-02
  -1.8471217315008145e-01
   3.0621542205510743e-01
  -3.8671810582509916e-02
   1.2916545680779773e-01
  -9.5235739173182895e-03
   1.2942091621960750e-01
   1.2793614751556975e-01
  -1.4531244071235302e-01
   1.2340209299953726e-01
  -1.3711186337093495e-01
   1.3702391964527097e-01
   1.5048521559179209e-01
  -4.8969528188919753e-02
   2.5774132434335179e-01
  -1.0334089331799232e-01
   5.6239546539604786e-02
   1.9570734316911301e-01
   1.7548753192161340e-01
   1.0531826837121949e-01
   2.2289352855504735e-01
   2.4221744217021151e-03
   2.7098220005644508e-01
   1.5314907950688131e-01
  -9.5873398215051406e-02
   1.6175482407726627e-01
   1.4148854402331701e-01
   1.6401557245796008e-01
   2.4141009248971601e-01
   3.2155396528013847e-01
   3.5330425199536913e-02
   3.3754808957980076e-01
   1.0904731406283155e-01
   6.2891928390049104e-02
   2.4327650077121807e-01
   1.4433571845220933e-01
   8.9285536798506843e-02
   1.7493363256494260e-01
   2.7541895349073402e-02
  -1.0359213668238212e-01
   2.2456206138680854e-01
  -4.1673070102256855e-02
  -1.0342873527605202e-01
  -1.7880462418215998e-01
   8.6338376087019428e-02
   1.1904706783451718e-01
   1.6272650244716375e-01
   1.7372384210897505e-02
   4.5737568799299140e-02
   1.3173988386518667e-01
  -5.5616170814270872e-02
   1.4180811985422384e-01
  -8.3701902500918468e-02
   6.5346952861798424e-02
   1.1477805088041927e-02
  -3.3102741874933846e-02
   2.5502991111804491e-01
   6.1273127802616054e-02
   1.5553863179195865e-01
   2.6272203017777296e-01
   1.5675914978675240e-01
  -1.9902112109255889e-02
   1.4158035937705576e-02
   4.2715109298334906e-02
   3.1422355053878104e-01
   7.2019944022842161e-02
  -1.3575148604936607e-01
  -4.5820531879728465e-03
  -3.2202387141418591e-02
   2.9535667111269755e-02
   1.6760688603942314e-01
   2.0912651922425651e-01
  -6.3780400010527861e-03
   1.4217049490527217e-01
  -6.5832547621147888e-02
   1.1990385567838295e-01
  -6.5827170947216056e-03
   1.3713086351578760e-01
   1.8540418730549996e-01
   1.9971850199343719e-01
   2.6874112566847519e-01
   3.3241205512412392e-01
   1.1308391694780696e-01
   1.6771110152736191e-01
   5.0154077574437281e-02
   7.7988501000988683e-02
  -1.2798704562987090e-01
   9.4696041746118065e-02
   5.9860958560215519e-02
   1.3270875630582563e-01
   1.8847760078036324e-01
   8.4006950495801688e-02
  -2.2152631848332542e-02
   2.5166428913887912e-01
   2.6885330553057174e-01
   9.4951416455212920e-02
   2.7434318111281436e-01
   1.7743867409931749e-01
   8.8970070139298599e-02
   7.6955955415056274e-02
   9.4628260148647295e-02
   1.1483549317786854e-01
   2.6773066226394016e-01
   4.3582544950949195e-02
   5.0843526528821174e-02
   1.3074116742047456e-01
   8.8781041157606183e-02
  -7.2499958602528072e-02
   2.6435740211659370e-01
  -1.2934033108012888e-01
   1.7213749855138968e-01
   4.3106110070626320e-02
   2.8805261300791640e-01
   1.6369566252176737e-01
   1.0263923952057985e-01
  -1.2040878294912735e-01
   2.7264772114307512e-01
   1.9971793322764045e-01
   1.8282633766517742e-01
  -1.1954300437505928e-02
   8.3593860275706131e-02
   6.2270441400997065e-02
   3.5043088956393548e-02
   2.2809974578824464e-02
   8.3513016389404782e-02
   5.4010460228296579e-02
   3.0054960188510849e-01
   4.5118935907466885e-02
   8.2493889150104128e-03
   1.0970364614614442e-01
   6.9068953701338226e-02
  -8.6851027947447867e-02
   2.4388064023076564e-01
   1.0445678370567794e-01
   1.1112265781601282e-02
   1.0162693811540160e-01
  -1.0573999493317982e-01
  -5.4195960678727256e-02
   2.7524554679236624e-01
   2.9665182677451263e-01
   6.4352694420038228e-02
   9.9863651809391954e-02
   2.0150633133219134e-01
   1.3843054034659852e-01
   2.4819649818430869e-01
   8.5277969651249064e-02
   1.2887760483613730e-01
   1.1674920319053199e-01
  -9.2305556054699117e-02
   2.2209419561284929e-01
   9.2887683829898912e-02
   1.0864855858491292e-01
  -5.1551939453662966e-02
   2.1885732605271099e-01
  -1.7525949979169370e-01
   6.5774371194444070e-02
   1.9106066356675230e-01
   1.7977338417088137e-01
  -1.5173872964862267e-01
   1.9410940231046572e-02
   1.5070018399507581e-01
   4.1133906118326014e-02
   3.2997184851483847e-03
   4.6015973356527816e-02
  -1.0130236856094046e-01
   9.0084575063431843e-02
   1.1311647491053733e-01
   1.6438309622656905e-01
   2.5879802912456090e-01
   2.3680581468454254e-01
  -2.0055285593326855e-03
   8.4931391833628411e-02
   2.2743765392102758e-01
   2.0416202096017233e-01
   2.7884272459375342e-01
   5.5895475644934516e-02
   1.5276801979504917e-01
   6.3292984387037843e-02
   3.0805623896811546e-01
   3.0216131185188722e-01
   7.8605573809309159e-02
   2.2927560157564750e-01
   3.5122799369004684e-02
   1.9359541789584388e-02
   1.8048457746126473e-01
   1.9591062906349849e-01
   1.2063190358955969e-01
  -1.0812946563256867e-01
   4.1003094218495927e-02
   5.1516710252318444e-02
   7.6537493978036941e-02
  -1.2597990448655882e-01
  -1.7004110634272726e-01
   1.9675634469387632e-01
  -7.1647799125371198e-02
  -8.2328132828727710e-02
   1.7974171161752178e-01
   2.8688688716964113e-02
  -1.9849863688322859e-02
  -8.1114838825500871e-02
   1.6886770983430130e-01
   1.6670576585042704e-01
  -1.1465401210903346e-01
   2.6518030374649665e-01
   1.4053760042265892e-01
  -1.3357544741812772e-02
   7.6119543706375442e-02
   2.0367957875699180e-01
   8.9576925909428354e-02
   2.2352729639932339e-01
   3.0510672193829985e-01
   1.2332313662306552e-01
   2.1516038971805687e-01
   9.1061764557919589e-02
   2.6987019667821255e-01
   6.8045876819046849e-02
   2.5936582516195256e-02
  -9.5318457599730802e-02
   2.1464244906027363e-01
   2.9110799303070943e-02
  -2.9920932744193152e-02
   1.3543923597936106e-01
   2.5914280979771809e-01
   1.4678202927546835e-01
   8.0254511655675403e-02
   1.0624834693346533e-01
  -1.2828610314594327e-01
   1.8756486315869045e-01
   1.0559367322622751e-01
  -8.4888571863434903e-02
   2.1013086969162906e-01
  -3.7116048505465175e-02
   2.0142594208507825e-02
  -1.1770812013496726e-01
  -8.1446414849631929e-02
   1.5618537804338281e-01
   2.0854313353124493e-01
   1.7814389785600585e-01
   1.9837934371575913e-01
   1.6227721739456566e-01
   1.5691093541167755e-01
   1.9198001170876575e-01
   2.2963843176966520e-01
  -8.4696478760687387e-03
   5.5214717773092649e-02
  -1.0302129978640844e-01
   1.4161001175570331e-01
   2.1973684439842925e-01
   1.1452718384212884e-01
  -1.4982111671639411e-01
   1.8717336661367120e-01
  -1.2626770303364351e-01
  -1.6941848274170092e-02
   8.1569278013096630e-02
   9.8669503834224959e-02
  -3.8285130857514282e-02
   1.3780975480558805e-01
   1.9819630187139076e-01
   3.6654969614309925e-02
   1.5067664011363069e-01
   2.6684490399883398e-01
   1.8647459635535596e-01
   3.2609905808450648e-02
   2.0660084323710357e-01
   1.7002156064616156e-01
   6.6843958484175056e-02
   1.1609623423138654e-01
   4.2049273581096475e-02
  -1.6905399147350791e-01
   2.0765377876243646e-01
   1.3890253327304874e-01
   2.0551211466721683e-01
   1.7914099996853255e-01
   2.7825119381263075e-01
   5.0384326842233047e-02
   6.9961580345095212e-02
   3.9008976248562303e-02
  -1.5562708333654512e-01
   1.9892079483645478e-01
  -1.0247431684116476e-01
   1.2170047361231985e-01
   2.9677076649273521e-01
   1.2651974644616248e-01
  -1.3859778533038539e-01
   1.5118997912370191e-01
  -6.1635983326850448e-02
   1.2475377844743021e-01
   1.5233443138083264e-01
  -2.3502600973839691e-02
  -2.2388323158769048e-02
   5.7928753926020735e-03
   2.8364155116414763e-01
   2.4768069850268581e-01
   2.3366676773613218e-01
   2.3101418081438349e-01
   1.2920346443982680e-01
  -1.4257678114769085e-01
  -1.7618211677136460e-02
   1.0131226659914286e-01
   6.2495585635495551e-02
   1.9047373166645831e-01
   2.1087337976506237e-01
   6.9110641836786516e-02
   2.9572354693830982e-01
   1.9732646877825541e-01
   2.1664351302748860e-01
   2.3257813301052999e-01
   2.5490040529548241e-01
   2.6832347834352532e-01
   2.5829352849326020e-01
  -2.9396222689785496e-02
   7.4765635515115697e-02
   6.4287730940030624e-02
   1.6799250900022616e-01
  -6.1000275213296741e-02
   2.9207311026670596e-01
   2.5110257586837209e-01
   1.0851604294362829e-01
   5.5479869365631339e-02
   2.7926560899356945e-01
   1.4392823400129973e-01
   1.0728062623252940e-01
   1.6708140406399752e-01
   2.2676157586643261e-01
   1.7686830073481594e-01
   3.0146906467906431e-01
   1.7002018390046783e-01
   6.8510600268375424e-02
   2.6602180944000031e-01
   1.3271965706271724e-01
   9.4238486776904565e-02
   2.3488345647957967e-01
   1.1303941108907865e-01
   2.4359485872700340e-01
   9.1801931703227979e-02
   2.6635077066698393e-01
   1.7804807236308864e-01
  -5.8068546911162623e-02
   1.6348319387371035e-02
  -2.8098905265715596e-02
  -1.2050460831076446e-01
  -9.5340248722701505e-03
   2.0481604145989621e-01
   2.2185471283200500e-01
   2.3388895842623037e-02
  -1.6620412998097253e-01
   1.2762779468145521e-01
   7.0009926399411962e-02
  -6.2769053025193033e-02
   6.1407637299770133e-02
   4.0040719695695684e-02
   1.4755744927530406e-01
   4.1750365830270737e-03
   2.2049236425059260e-01
   2.8923043027700768e-01
   1.4493382078371014e-01
   7.1024958522508022e-02
   1.0700937824444988e-01
   6.4313819612873468e-02
   1.7017543200828755e-01
   1.2605864967227332e-01
   2.0108590431735840e-01
  -2.8148718073945967e-02
   1.3583692012914331e-01
   2.1904803976807091e-01
   2.9227351080513458e-01
   2.6691809319661675e-01
   2.0937834531819008e-01
   1.2971393421283423e-01
   1.0088089270426651e-01
   1.7803963009881774e-01
   1.2941786781237502e-01
  -8.2976336708266374e-02
   1.4268766204942596e-01
   3.2341054991444923e-01
   3.0669055578111898e-01
   5.3339228444653941e-02
   9.6797192579298155e-02
   2.5742669046500615e-02
   2.1361197105335503e-01
  -2.3772795419212029e-02
   1.1815809107687490e-01
  -1.8696183901938616e-02
  -6.7451109323235184e-02
   2.1681535411617980e-01
   2.7740216128468661e-02
   1.1213141593005209e-01
  -6.5256375194505348e-02
   3.0591909302289788e-01
   2.6886134619633767e-01
   7.9681558248040033e-02
   3.9401507572207506e-02
   8.1347378283881985e-02
   2.1835993573970608e-01
  -1.2918898349321808e-01
   1.5320015944049389e-01
   2.5476591380815650e-01
   4.3983318563703362e-02
  -4.9540803857894306e-02
   2.2552599947552943e-01
   1.6564108038452058e-01
   2.1665156004477110e-01
  -1.2015084951145349e-01
   1.3510905557047811e-01
   2.2487365300659393e-01
   1.0587253770908703e-01
   5.3490814147278354e-02
   2.1104050272511715e-01
  -3.4481693462651820e-02
  -1.1230442915201725e-02
  -6.8934790846274102e-02
   2.2897336322453157e-01
  -1.1916892624971887e-01
   2.1753624668205726e-01
   6.8674096676628285e-02
   1.5520498816557407e-01
  -1.1060729343321575e-01
  -1.2183999210731464e-01
  -4.1239730629698414e-02
   1.9717542180420763e-01
  -1.4567997973465920e-02
  -4.8191808123039880e-02
   1.9575126399185386e-01
   7.7584051226546186e-02
   9.1868432416274959e-02
   1.4326759631596644e-01
   2.3791527803101051e-01
   1.0306397186359287e-01
   1.2051961468951897e-01
   2.2526201901256296e-01
   1.2278853217917958e-01
   9.4630269037079065e-02
   7.4667805197177542e-03
   1.7567712224627083e-01
   2.0168313243276217e-01
   2.6255105566573966e-01
   1.0533611726763299e-01
   2.3386997359860154e-01
   8.4681667580034953e-02
  -2.1998663616705189e-02
   2.3298442641198872e-01
  -1.6837206198272486e-01
   2.2765540849984534e-01
  -2.0002893890903529e-02
   2.5803258074917218e-01
  -3.2596943954308281e-02
  -6.1723250453872676e-02
   1.0520343684396279e-01
   1.2775542553095384e-01
   2.3130611491210701e-01
   7.7754340900502705e-02
  -2.4506033126386606e-02
   2.9301603900324580e-01
   2.9049019649063013e-01
   2.6055804515590686e-01
   1.7945620411718752e-01
   3.1612976662368775e-01
   2.4167359305891128e-01
   8.7208001140793398e-02
   1.4441774256007436e-01
   1.0595013409111839e-01
   1.0080310163867557e-02
  -6.0704705960946098e-02
   2.5504214282387855e-01
   1.2334617433303106e-01
  -9.8812167163829928e-03
  -1.0027586342311899e-01
   1.6050595141374949e-01
   2.3147944513256882e-01
   1.0898999887218538e-01
   7.9341657749799469e-02
   1.5731437636848997e-01
   1.3625384353948639e-01
  -2.1064014460287755e-02
   1.5841607746212000e-01
   7.5025373457040856e-02
   7.6235006468069633e-02
   2.4899504556919497e-01
   5.4008596046466462e-02
  -1.0850055931447310e-01
   2.0229259942758429e-01
   3.0470795918058334e-03
   2.2950732708177066e-01
   1.6694031028355810e-01
   8.3367579045365028e-02
   1.9799536315105790e-01
  -1.6538772635888527e-01
  -1.2741266872700545e-02
  -8.2995850619812198e-02
   7.8499879201713876e-02
   2.5217728996151118e-01
   1.5750376000123334e-01
   1.4814324993030956e-01
  -2.5194443670562009e-02
  -1.2778123613963197e-01
   1.3038220450560775e-01
   2.7548874029931752e-01
   7.7418736287673609e-02
   2.5776276773042289e-01
   4.3200801096696814e-02
   2.0194256725632592e-01
  -8.9061126553084097e-02
   4.8070697126333883e-02
   7.7471164535424519e-02
  -5.6511053239958545e-03
   2.3235909904127483e-01
   1.7474119629626339e-01
   3.1631895466661709e-02
   9.8787431662704109e-02
   4.7860872644815124e-02
   2.2395524272997483e-01
   2.2861835359376682e-03
  -1.5966711801635944e-01
   2.4425252109528303e-01
   1.7216013616279646e-01
   4.8673736261423260e-02
   2.0419132369562010e-01
   2.7639036773627172e-02
  -9.7872703804311637e-02
  -9.7163931160192205e-03
   6.8685879716426030e-03
   2.7163322307394187e-02
  -6.6560597741241317e-02
  -2.2748386419008640e-03
   2.0269143664480202e-01
  -7.3838532676275867e-02
   2.8288766600105042e-01
   1.5167062495072064e-01
   1.6690232145061343e-01
   2.4206158252974899e-01
  -6.2123901317308917e-02
   1.8325361926238951e-01
   2.7824341107167710e-01
   9.4306999674786729e-02
   2.4683457077008369e-01
   2.3934309788105648e-01
  -1.4035781985407383e-01
   2.0247222545372312e-01
  -1.4390032508065481e-01
   2.2805413084370085e-01
   2.0128576358476677e-01
   2.0027794045704883e-01
  -1.4439918268036686e-01
   2.4383164204211111e-01
  -1.6591857854373826e-01
   1.1212752401325142e-01
  -7.5988263829590147e-02
  -3.7359401502970832e-02
   2.6697052201779623e-02
   2.0093051309922716e-01
  -1.4433801622440462e-01
   1.1356114429386319e-01
  -2.5957413613546483e-02
   2.6148294245732506e-01
  -1.8483390621117934e-01
   9.1616976829408364e-02
   9.2907636203117608e-02
   1.2903529952409093e-01
   1.9320873097303590e-01
   1.6647522372494150e-01
  -1.6521059988834069e-01
   2.1683705402774277e-02
  -8.1143189394734139e-02
   2.0328614649704047e-01
   2.3746138315060492e-01
   3.7321353931214572e-02
   1.0965022775629596e-01
   1.7925760860388228e-02
  -1.1124993637779198e-03
   1.0169683456382851e-01
   7.4601370721743138e-02
   2.0243091142015759e-01
   1.2178838651224308e-01
   2.0676879645469290e-01
  -1.6140284966770113e-01
   1.5502037265427790e-01
   2.9851271841364824e-01
  -1.7194846402671327e-01
   1.3314678242822442e-01
   6.6878679633003563e-02
   2.8219771822510337e-01
  -1.5804131367632167e-02
  -1.3621417583809764e-01
   1.3659196910486623e-01
   1.2881329688168516e-01
   1.4332292820689091e-01
  -1.9850791877074364e-02
   2.4892886140627971e-02
   9.4469319365675264e-02
   5.9068511516364462e-02
   1.5931976567497039e-01
   1.0338517125631934e-02
   1.3493773497659728e-01
  -2.1401384749762348e-02
   2.2711857289967483e-01
   4.6237681604062185e-02
   1.3115206873559537e-01
   1.3082074871416577e-01
   1.0231890463228152e-01
   3.6831392347913064e-02
  -7.0058408170045300e-02
   2.7371798506001965e-01
   8.6973789470214005e-04
  -1.5369932205446679e-01
  -1.1297859888862873e-01
   2.7363303825274116e-01
   3.0610453995824916e-01
   8.1058891301144340e-02
   4.0510661587383846e-02
   3.5801566320569071e-02
  -3.9950251930520424e-02
   2.1253436504143980e-01
   7.4903808259629209e-02
   1.9398994714065167e-02
   2.4663343514847808e-01
   2.1963076906007811e-01
   3.1049724133370893e-01
   2.5749839516919875e-02
   2.1455945567757359e-01
   9.4639993393876548e-02
   2.8485285690433920e-01
   1.7249317712359849e-01
  -7.1661707010866549e-02
   3.2862038903633395e-01
   2.7737171752205053e-01
   2.5268602999750545e-01
  -7.4396226047382635e-02
   1.8678364975613446e-01
   2.7530225666052699e-01
  -1.6151604909203844e-02
  -2.9569950726097721e-02
   1.1969044094056025e-01
   4.2555078883265304e-02
   2.6313574008981305e-01
   1.4886809809974874e-01
   2.5548695001291418e-02
   2.0090167986675531e-01
   2.8347247537847459e-01
   1.6305466577809469e-01
  -5.9675644504658391e-02
   1.4815387964529028e-01
  -6.8994012961459933e-02
  -3.8823848351753454e-02
  -1.1403372534164613e-01
   2.8702592475421207e-01
  -5.2033409152735507e-02
   1.9308115108093277e-01
   1.6078554822130664e-01
   3.1249764921170237e-01
   2.5599500645530249e-01
  -6.9186492688470616e-02
   1.7975947482813937e-01
   1.5108902705247432e-01
   2.6446125496499989e-01
   1.0954461851220416e-01
   9.4765458297517216e-03
  -7.4271175877156634e-02
   1.0916549891742902e-01
   1.7667305466515912e-01
   1.5742328384154036e-01
   2.5083694211145413e-01
   1.2200539182826257e-01
   6.6467249279411514e-02
   1.9493591043322675e-01
  -4.7505715021879261e-03
   1.6956742866417674e-02
   3.0123251417775596e-02
   1.6956742564782856e-01
   1.4554398043773370e-01
  -5.8166557730452602e-02
  -7.4840984688267206e-02
  -1.1027153039386665e-01
  -9.2950658346080337e-02
  -8.8834899085407620e-02
   3.0380503513657192e-01
   1.4140171600375870e-01
   2.2184661569395148e-01
  -5.2993223812206596e-03
   7.7659558384132890e-03
   8.2935638987531868e-03
  -4.3844428475654861e-02
  -1.2195590515726541e-01
   4.1777929198449359e-02
   2.4558924632208626e-01
  -2.5027581243917962e-02
  -8.4445876157205627e-02
  -9.3385314027685795e-03
  -8.9726625639282229e-02
   2.1650046743115833e-01
   2.3740870903503161e-01
   1.5219289046859044e-01
   1.8345172921366348e-01
   1.2654170134853898e-01
   5.2113304606212038e-02
   2.8336690158422534e-01
   1.1577494263582060e-01
  -4.7547471968859528e-02
   2.0879687649435466e-01
   4.9338618144020581e-02
   1.6840014013673138e-01
   1.5861479766618258e-01
   1.0233088358874835e-01
   1.0256980263449038e-01
   2.4614084805862269e-01
   1.3127001897168483e-01
   1.9218722433610885e-01
  -6.1841574538353428e-04
   2.1698435609392955e-01
   2.2582684193370350e-01
   2.6661065687277685e-01
   1.1373686563753251e-01
   3.3293662166357846e-01
   2.5600029707624417e-01
   1.2833495270517034e-01
  -1.3700600241887023e-01
   7.5865079189727808e-03
   1.4945131175849266e-01
   1.5314680934756275e-01
  -1.3172772510469447e-01
   2.3832686286706678e-01
   2.8608007354932435e-01
   3.0078588474812620e-02
  -1.1787221045254305e-01
   7.5283327963631894e-02
   6.6566127602578934e-02
  -3.3500699776427507e-02
   1.7859168110456727e-01
   1.2283091609884236e-01
   1.2283904495758562e-01
   9.0705774259665417e-02
   1.7175653187588144e-01
  -3.8021031028932402e-02
   2.4494454033338628e-01
   1.3001909286846250e-01
   2.5015747393681625e-01
   2.6733467833906321e-01
   5.8415705771924190e-02
   3.3067771967744314e-01
   2.0154171562729511e-01
  -2.8303919601477746e-02
   1.0771591270339891e-01
  -6.0248255636293532e-02
   1.7738093081782802e-01
  -1.1458977398967551e-01
   5.2122256384789484e-02
   2.2373714029499203e-01
   4.1360937192866681e-02
   2.2980753761247152e-01
   1.4300222775417539e-03
  -7.7135488072401122e-03
   1.3016504521906250e-01
   1.8113545573873202e-01
   1.8745240861764567e-01
  -1.6383514402677130e-02
   1.0261892320262615e-01
  -8.0921684654760406e-02
   2.2054754823220149e-01
   1.2153393080470018e-01
   6.5287872835881527e-02
   2.5620374080960290e-01
   2.9467594746466896e-01
  -1.3659113589449265e-01
  -2.1003084387552415e-02
   1.5325623100461838e-01
   1.7788909021486474e-01
  -1.2370852434959279e-02
  -1.4123955107067557e-02
   1.4272075811352503e-01
   7.1769622317631232e-02
  -1.1996461180540899e-01
   2.2247271466294666e-01
   3.4644628755999007e-01
   1.3921941364324111e-01
   1.4564652167426678e-01
  -5.0317072355306365e-02
   1.1959378201350493e-01
   1.8740910208016445e-01
   2.3303228707004395e-01
  -8.8435002967181889e-02
   1.7348859029616392e-01
  -1.4901819846086700e-01
   1.8721806660868073e-01
  -1.1626949758191469e-02
   2.4839907834112404e-01
   1.7333428813014293e-01
   2.2251974104220484e-01
   2.7078622934171388e-04
   1.7952977548345289e-01
  -3.3229456251521142e-02
   3.3711094538483775e-02
   2.9187052507464295e-01
   7.7953926440425619e-02
   2.0160780473638829e-01
   1.2659552535974511e-01
   2.2029693191294517e-01
  -9.9461021694190369e-02
   9.0583409226981673e-02
   3.1888367842002052e-02
   1.2342140792162397e-01
  -7.3433810722086990e-02
   8.9809721331816514e-02
   2.4551676485359341e-02
   1.6457599952504617e-02
   2.1858944192007779e-01
  -3.0446486054795750e-02
   1.5220463077523097e-01
   2.0152278464098863e-01
   4.6242749762843628e-02
   1.6073011639872897e-01
   1.5294815952792168e-01
   2.1367562566430276e-01
   2.0582321666874981e-01
   2.6907383004099528e-01
  -6.8235204503523626e-03
   1.6795498522183946e-01
   5.8195056514339587e-02
   7.4872449774729347e-03
   2.4953598357928583e-01
   1.9838522031229530e-02
   8.1578167361549533e-02
   2.6799659376695356e-01
   3.8129377679997634e-02
   8.0555982634366058e-02
  -1.5006744535454300e-01
  -1.5385940566266146e-01
   2.3856931857694211e-01
   2.4826589487614839e-01
   4.4647575480069701e-02
   1.5566522535990504e-01
  -5.5487571931570515e-02
   1.4754927579056765e-01
   1.1488474199402310e-01
   2.7707173948749342e-01
   8.6827669181040026e-02
  -4.0906790183971552e-02
  -1.3021882095388415e-01
   1.3978368808445465e-02
   1.0096603607126016e-01
   2.0627880343574875e-01
  -6.0252630168020991e-03
   1.3452092764518858e-01
  -8.7974216170058850e-02
   1.2752673055470790e-01
   3.0043256087424203e-01
  -9.3695719131170141e-02
   1.5846548889138634e-01
   5.1195788761321581e-02
   1.1113977527509715e-01
  -1.6269179178789617e-01
   3.5113424316711626e-02
  -3.1554845865072241e-02
   2.4478688480961733e-01
  -1.2855023381592118e-01
   2.8070275096142627e-01
  -7.8278465015788876e-02
   1.9290190458120346e-01
   5.1042442592408713e-02
  -8.2650725159316804e-02
   1.0724862802343253e-01
   1.2964281420209553e-01
  -1.2474530577267456e-01
   4.3365931387531503e-02
   3.5159222575396686e-02
   1.1105358771318520e-01
   3.0449151263025781e-01
   1.9676615663987312e-01
   1.7585476027772329e-01
  -9.8476258655382821e-04
   1.9240841829965191e-01
  -8.8204276472249751e-02
   2.0050298477988443e-01
   1.1507847807959355e-01
  -2.2050764995202740e-02
   9.2447998720952149e-02
   1.6356290713844374e-01
   2.1296895453023415e-01
   2.2841515307754695e-01
   1.4252532519377625e-01
   1.8672862919498590e-01
   4.0733433512838138e-03
   2.9386173801580956e-01
   3.1044411723972509e-01
   1.1597003659441660e-01
  -1.1027748471176486e-01
   1.9384621884935163e-01
  -1.1506297332337898e-01
  -1.8656357797087181e-01
   1.2107358632587181e-01
   4.4241888662497463e-03
  -1.4318091063112923e-01
   1.7804582064655744e-01
  -3.6689381270948410e-02
  -1.3392807317264088e-01
   1.0977972136653655e-01
   2.2612298575739925e-01
   1.1125231615825928e-01
   1.0473287213402799e-01
   1.7324382299834573e-01
   1.4774861923359955e-01
  -1.6489238748655291e-01
   1.0425541684725405e-02
   2.2676992447950137e-01
   2.0949122315082333e-01
  -2.6214781642432093e-02
   1.4352506733541876e-03
   3.3692078636213638e-02
   1.3997049779539478e-01
   1.4291156425351240e-01
  -6.7974944994516145e-02
   1.4997199330283678e-01
   2.6351713957042983e-01
   4.4670330297934373e-02
   1.8639679428181138e-01
   1.2808059468280847e-01
   9.6624540163460462e-02
   6.4880250182855299e-03
   1.7579776134666897e-01
   1.3584329213369895e-01
   9.4736591291639499e-02
  -1.0330823763689637e-01
  -8.3845602394720890e-03
   1.1378718836215361e-01
  -1.2810122778026281e-01
  -7.5206887123908980e-02
   1.7372893894617849e-02
   8.8567862357852203e-02
   2.5101773725588178e-01
   2.2531786000020704e-01
   2.3285859243823731e-02
  -2.6320020249871699e-02
   1.0157042800111495e-01
   2.9253914165872524e-01
  -1.2447904803323358e-01
   5.9985769536759090e-02
  -1.0143166750892020e-01
   2.5679532593617460e-01
  -1.1860256741074240e-01
   1.3549605098675049e-01
   2.6603441788088450e-01
   1.9825078822678327e-01
   2.3100389717454098e-01
   1.8853303247137573e-02
   1.6308777173769201e-01
  -4.2083556489268099e-02
   9.9447303230206480e-02
   2.5513570334165660e-02
   1.4996243953967789e-01
   1.0434977134665750e-01
  -1.1847398782399701e-01
   2.2740331968556446e-01
   2.3057892768082053e-01
   3.5636002561336463e-02
  -1.3245942181935252e-03
  -2.0769063575186902e-02
   2.9191752907076168e-01
   1.1035713173185950e-01
   2.6169316739185555e-01
   1.0927449503330353e-01
   7.9139696134147300e-02
   2.0807045870660670e-01
  -1.2861240220006290e-01
   1.7178500403252456e-01
   2.5320912132944789e-01
   2.1959945803320516e-01
   1.6634678805766306e-01
  -5.0502618767128429e-02
   2.3710528798250755e-01
   1.7078311118673284e-01
   1.5484521793507466e-01
   9.4150848138574578e-02
  -5.3707642521379099e-02
  -4.4271202884965822e-03
  -8.9535587140332065e-02
   2.2180608949967620e-01
   7.9566010374643836e-02
   2.9781201733313040e-01
  -1.8320418357130910e-01
   2.0081099941666397e-01
  -1.5443555324129007e-01
   2.1404539203247080e-01
   3.4747302868995619e-02
   1.2121935990519503e-01
   2.3533251213880158e-03
   1.3319701325594943e-01
   1.6546687116379494e-01
   1.4669013233200714e-01
   4.0870383471133746e-02
  -1.8174741670077157e-01
   1.8109550500409169e-01
   1.9039790043316779e-01
  -9.9433226616631593e-02
   2.9325973455566179e-01
   2.2088794756079397e-01
   1.7968075250657647e-02
   2.2844819216934700e-01
   2.2478698136059089e-02
   1.9985458427649266e-01
   2.1486061752037774e-01
  -5.2862761312516299e-02
   1.0693824645747160e-01
  -4.9433908202940621e-02
   2.4129532704941584e-01
  -8.1680018509509816e-02
  -5.6350742056957587e-02
   1.9841385801046424e-01
   2.2895873730092609e-01
   5.1092780159106399e-02
   1.0687008748458708e-01
   8.1629356624990254e-02
   9.3721297069299728e-02
   1.6463868940571672e-02
   6.1307965466918635e-02
   5.5130189360916203e-02
   1.9771187732365086e-01
   1.3133757236828209e-01
   2.7681456030349525e-02
   3.6929997180203823e-02
   4.9511031323741926e-02
   1.4050271121800972e-01
  -2.6705266170899251e-02
  -1.8033274949932329e-02
   2.5205838242095197e-01
   1.9871169045039250e-01
  -2.0017856172460914e-02
  -7.5283372953663108e-02
   6.5365569028353360e-02
   2.3035914330001278e-01
   2.9948016789800835e-01
   1.1567673837464315e-01
   2.6506506512775252e-01
   3.1748055993391262e-02
  -4.8595148855952480e-02
   1.2170300529484589e-01
   2.9654253886642734e-01
  -9.6416317983319996e-02
   1.1474879220523501e-01
   1.4704069142938853e-01
   2.5557466761999892e-01
   3.4179926004882090e-03
   1.4853349961133053e-01
   1.4376807366782762e-01
   1.6923650488186695e-01
   2.6952618029832937e-01
   1.7004539738965635e-01
   3.5363833334430182e-02
   1.8105150660032374e-01
   1.5433326621703269e-01
   7.2527034533890158e-02
   1.8409372222265868e-01
  -9.9471919215262355e-02
   1.0689958338652517e-01
   2.3989108072670426e-01
  -6.0144622497092445e-03
   1.2235692714279488e-01
   1.2468434019056784e-01
  -1.7864414350791782e-01
   1.0065188381981086e-01
   9.7644016864738212e-02
   4.3249537065480681e-02
   2.2942638166009835e-01
  -9.7615156838498376e-02
   4.8389676528656597e-02
   1.5818120696675259e-01
   2.5925347691987066e-01
   2.1871108022758945e-01
   8.8559749915005273e-02
   2.1720157170885501e-01
   9.6252281618618027e-02
   2.1483158515191461e-01
  -3.9946738228475942e-02
   1.4390867632695645e-01
   2.0030725519207532e-01
   2.1429180227258993e-01
   1.2145902304607105e-01
   2.1970297102183910e-02
   1.6568337261524110e-02
   1.0204930092705515e-01
   7.7189729416695968e-02
  -1.5284931856132372e-01
   2.7869098035031670e-01
   1.6233659456326377e-01
  -1.7828066993054473e-01
   2.2145561759297930e-01
   1.4794160377380799e-01
  -6.5302836203020159e-02
   1.3429224601125589e-01
   2.6260183863356967e-01
  -1.1925511629158603e-01
  -1.2945705542420094e-01
   8.8793712850748302e-02
   1.1656395707212536e-01
   5.0106762019362381e-03
   1.2446257467518050e-01
   1.6435079979862446e-01
   1.7502566193096605e-02
   1.4005588475060077e-01
   3.5969443249729754e-02
   1.0892697829896311e-01
  -2.9109831955157772e-02
   9.1956053148927519e-02
   1.0920380593724378e-01
   7.4937263384481700e-02
  -7.6006073874798241e-02
   1.8848399961232098e-01
  -1.2014034932870479e-01
   8.8069441800129687e-03
   1.9441324558009201e-01
  -1.9788190968343673e-02
  -4.9292424423553916e-02
   2.5361262665250400e-01
   4.8169286297735897e-02
   5.6880508178682510e-02
  -8.5261737884733957e-02
   3.0358896088675741e-01
   3.8566988538864470e-02
  -1.5556207971526229e-01
   8.0738384445389638e-02
  -1.4343910794494530e-01
   1.5268843451655972e-01
  -1.5380728109738045e-01
   1.2743060980881418e-01
   1.5625880399573214e-01
   6.9373716942886465e-02
  -1.7325674968879559e-01
   2.5966519569986840e-01
  -1.4763589455901399e-01
   1.6066155440678004e-01
   1.0086999388854311e-01
  -5.6828596839701914e-02
  -3.4377170206473955e-02
   1.7071014615321389e-01
   1.6645382518221563e-01
   4.7574029502849523e-02
   1.3680048811811893e-01
  -2.8802667365885406e-02
  -2.4778064538122538e-03
   1.4389923229439411e-01
  -1.6899696320034771e-01
   2.7301094354235933e-01
  -1.3424440172892860e-01
   7.5232966284700831e-02
  -1.6612621662964203e-01
   1.3917483278368703e-01
  -7.7618548859822223e-02
   7.6075675065594053e-02
  -5.4229217953767929e-02
   2.0163168205775897e-01
   1.0506794944703511e-01
   1.5610925276122475e-01
   2.4660817252640943e-01
   1.9530800006047400e-01
   2.6688791344200441e-01
   1.3839370034902448e-01
   2.1301249068587505e-01
   1.0996478796629588e-01
   1.8237609450073455e-01
  -1.3870141425824659e-02
  -7.4822119661596465e-02
  -8.8352235563953913e-02
   2.7403376831703735e-01
   2.7559625301256985e-01
   1.3975506560527550e-02
   6.6862923676693983e-02
  -3.1327258255007311e-02
   1.0208668808103461e-02
   1.6774679389971278e-01
   4.2578598900037422e-02
   2.5702865031527561e-01
   2.1776966987087912e-01
   2.1687556219117574e-01
   2.9724631761812542e-01
   1.3921370135909630e-01
   1.5212212470866845e-01
  -2.3912286663950882e-02
   8.5055207450900741e-02
   1.0096316757171117e-01
  -1.8688268009021644e-01
   2.5413017123521275e-01
   9.5039160169040612e-02
   1.8727578284834834e-01
   9.0372033386714595e-02
  -5.1170949273097774e-02
   2.6868236907214786e-02
   1.2353850657763026e-01
  -2.9491985425286740e-03
  -3.7491471345210248e-02
  -4.4730369678970552e-02
   1.3683552153854667e-01
   1.3755998936811456e-01
   1.6728835551126206e-01
   2.4716417717324302e-01
   9.4460705688678426e-03
   2.2189257688245284e-01
  -2.0033362542452485e-02
   6.4791116011007288e-02
   9.6440148953512578e-02
   1.7633428946155794e-01
   1.6950416244728744e-01
   6.2386509544993959e-02
   1.6476587207155735e-01
   4.9895920343834894e-02
   1.0189582309729711e-01
  -8.6608448927430873e-02
   8.6599197535373457e-02
   2.7800625806820783e-01
   1.0686285575649404e-01
  -1.1467771154937871e-01
   1.8124647331511673e-01
   1.5879334369985762e-01
   1.6450005395789313e-01
   1.7153383870203329e-01
   6.7719629469468329e-02
   1.1311126411304402e-01
   3.5436284555145581e-02
  -2.3957084525590030e-02
   2.1643517754571057e-01
  -9.5627421053808143e-02
   9.1390563771336530e-02
  -3.9199826035733000e-02
   1.5624434166098078e-01
  -2.6413789405433485e-02
   1.7941766981174828e-01
   9.7016660476763869e-02
   1.5608953235731393e-01
   2.1507182337184690e-02
   1.2790659858604569e-01
   6.2483858896737979e-02
   2.3922574562292007e-01
   2.7311579940103997e-01
   4.7284210593410411e-02
   2.5691062486035821e-01
   1.4151718204188121e-01
   4.0996496039523100e-02
   2.0459204169860909e-01
   2.5525563250842226e-01
  -4.3993978347838846e-03
   2.7504694242090683e-01
  -7.9049274566847672e-03
   2.6753572939578701e-01
   1.7775202086547823e-01
   9.9762238460975233e-02
   2.8118929978962542e-01
  -3.3580934886869550e-02
   1.4138929388664784e-01
   1.3487725059596603e-01
   7.7219046065273717e-02
   2.3256020214183575e-03
   3.3988984296115174e-02
   1.0612848890398720e-01
   2.9090737776903686e-01
   1.8060749181780955e-01
   1.0339802696656136e-01
   1.2256018181505160e-01
  -1.0746504444983407e-01
   1.5743130512469544e-01
   5.2543731610207089e-02
  -1.6851099195765756e-01
  -9.1531043213309363e-03
   1.5191993023611372e-01
   1.4756379834739097e-01
   7.9974534648150575e-02
   2.6932543976890966e-01
   9.4312527205821228e-03
   1.7821583809829258e-01
   2.6936504205544209e-01
  -7.8491466810491350e-02
  -3.1596493344209192e-02
  -1.6205753151025595e-01
   6.2834335448814574e-02
   2.4307927638824953e-01
  -9.1027783853993280e-02
   1.3751446812318688e-01
   1.4150837055315532e-01
  -4.7216141097944662e-02
   1.6357957167312820e-01
   9.1900799950597023e-02
   1.4476249159885543e-01
   6.6492891858919462e-02
   1.8401902779175069e-01
   1.7454734574794128e-01
  -6.4353585152555834e-02
   7.7823359139009424e-02
   1.3994099900020301e-01
   2.1552766789043798e-01
   2.0568338940321454e-01
   2.5445664399735163e-01
  -9.8782763009408900e-02
   3.6885421129892182e-02
  -1.0119931742126047e-02
   1.2049575851571991e-01
   2.0880948962053916e-01
   9.3023935592254872e-02
   6.4958513994387873e-02
   1.5753434022953233e-01
   1.5678315281387117e-01
  -2.7282570208905860e-02
   1.8802315985740181e-01
  -1.2798618098240805e-01
   1.8779265188135733e-01
  -1.3163857923478392e-01
  -1.5229060660031510e-01
   1.7342406983852612e-01
   2.6491889620802012e-01
   9.7462199233675800e-02
  -1.6682766240799565e-01
   1.4645596815611958e-01
   2.6892679168229389e-01
  -1.7408850023965744e-01
   9.5288253782774890e-02
   2.8564793565281649e-01
   1.3301807708022370e-01
   1.1006491473369745e-01
   6.4447973482308058e-05
   7.2107213440193829e-02
   1.5580000624980170e-01
   2.1825933776159295e-01
   1.6427812633879971e-01
   2.5717587515231288e-01
   1.2585333390272530e-01
   8.6860880114062539e-02
   8.6102930894346980e-02
   6.5796833276448256e-03
  -4.5509296256837917e-02
   2.1072437718920137e-01
   2.1303928213582563e-01
  -1.5281036020645386e-01
  -3.8480596212214488e-02
   1.2222421813733868e-01
   2.1106465493243423e-01
   6.8474409695573751e-02
   1.9906257813161382e-01
   8.0126934112569423e-02
   3.0935109333391629e-02
  -2.5737464026086916e-03
  -1.5161446033749556e-02
  -1.8782833321387749e-02
   4.9229965089493524e-02
   3.0972555520804301e-01
   2.7058782951821875e-01
   8.9973914618065684e-02
   1.2029704275095461e-01
   2.6119246440659449e-01
   1.6631499889376811e-01
  -4.3522097943558491e-02
  -2.3058327236771543e-02
  -8.5565434389232489e-02
  -9.7032674605685418e-02
   1.0464023458413488e-01
  -1.1948952628044365e-01
   1.6025724549592466e-01
   1.6289632035886598e-01
   1.9096664075570235e-01
  -1.4975136364131944e-01
  -2.2019066132873841e-02
   1.7585127430257377e-01
   1.5470162785307653e-01
   2.7977650991113501e-01
   3.2225495796974807e-01
   1.8389061955888975e-01
   2.7224228431425535e-01
   9.7559307315082555e-02
   2.1518942057486445e-01
   3.1788895225794069e-02
  -1.7149063010661147e-01
   3.2894069188566116e-01
   4.5799500432033444e-02
   2.5232286965976194e-02
  -1.8432361148870386e-02
   2.0935456092446847e-01
   2.6813075949226526e-02
   4.9730842573135425e-02
   5.0322590207910058e-02
   2.6735762472360680e-01
   1.0869983885392784e-01
  -3.9011022718539422e-02
   2.1772459173195177e-01
   8.0593909087729856e-02
   2.6241383443446648e-01
   1.4406328455145434e-01
  -1.2044290580003632e-01
   2.3915071791271919e-01
   1.4604563707807477e-01
   2.7477541418344753e-01
   8.5945716927853296e-03
   2.7574314845716597e-01
   2.1206745740929586e-01
   9.5832590148673388e-02
   1.1191505589270036e-01
   6.0808815999570956e-02
   3.0162933277469306e-01
   3.6942805710689246e-02
   1.8975481656984122e-01
   1.1245857212860377e-01
   1.7862598783906619e-01
   1.4407257946495122e-01
   8.5602937239351792e-02
   1.7069033760677685e-02
   1.3957000642883202e-01
   1.8306195986030835e-01
  -1.0297240566715700e-01
   2.0906359889700046e-01
   1.8488113519811342e-01
   1.7007666658916706e-01
   1.9665121809870170e-01
   5.7542398940932951e-02
   2.2980286359748717e-01
   1.6263162372430970e-01
   9.3681068828347105e-02
   6.2141133302428521e-02
   1.4447470901516160e-01
   1.8139146333624825e-01
  -1.6624983553764539e-01
   8.8925195348935393e-02
   1.6574808991138182e-01
  -1.5247953257474210e-02
   1.3870579492349208e-01
   1.6800873301620431e-01
   2.7196808854117049e-01
  -5.2884959553734921e-02
   1.3093405519095597e-01
  -4.9233103578263084e-02
   1.8210447821618897e-01
   2.2007431063788696e-01
   8.5181220925828208e-02
   3.2671259748178694e-01
  -1.0707943550366934e-02
   2.3966540403053480e-01
   2.9094003831405801e-01
  -1.7985144952843585e-01
   3.1496607221705372e-02
   2.4849471654024127e-01
  -1.2272059704006555e-01
   1.8451660301096567e-01
   3.1892872056818783e-01
   2.0330308005372058e-01
   1.6269080343165798e-01
   1.8603931057884643e-01
   3.2600276996452265e-01
  -1.1524793139158165e-01
   5.6570067858622418e-02
  -2.9709992915966644e-02
   2.3792526106343644e-02
   7.5510131049650306e-02
   1.2989403236658342e-01
  -2.4174488750011207e-02
   1.0328932441423869e-01
   2.2586694658629008e-01
   4.3618184210973132e-02
  -5.0866465014559763e-02
  -1.0990546971802147e-01
   2.6959471307274951e-01
   1.1484838203880342e-01
   6.7296860184149959e-02
   9.5316012577633835e-02
   2.7312671370083469e-01
   1.3895243154639642e-01
   1.4811485159541196e-01
  -3.5394165970831268e-02
   9.4425292160889816e-03
   7.4806631868448936e-02
  -7.8871151137124909e-02
   1.8344550228584044e-01
   1.8258620505736750e-01
   2.2385172802265077e-01
   5.5175098480670384e-02
   1.0535500663996697e-01
   1.3056708940281744e-01
   2.2214188143428285e-01
   1.5396292065170986e-01
   2.8962521793169793e-01
  -3.6312412069206552e-02
   1.1476905031797024e-01
  -1.4614321672791034e-01
   1.7029656901610127e-01
   1.5486719239710808e-01
   2.3390917321445351e-01
  -1.3753410624947140e-02
   1.1435393471199177e-02
   2.8226780249232786e-01
   1.4703893647374752e-01
   2.4945644305231293e-01
   1.6955956764447000e-01
   3.0340007083508280e-01
  -2.4875299329304584e-02
   1.3536353889823794e-02
   2.7520233598261779e-01
   9.8680239936462744e-02
   1.5083914360075673e-01
   3.0620232805980835e-01
   1.2342054256203525e-01
  -2.6322155329394376e-02
   2.1324028578600493e-01
   2.1074765278708851e-01
   2.0109272559866209e-01
   1.9908784148287526e-01
   2.1536307931987644e-01
   1.6711342694690337e-01
   1.3222993469618710e-01
   1.3922070089003610e-01
   1.1778615367499906e-01
   2.0259027744392220e-02
  -1.0409714734441686e-01
   2.1093893705642600e-01
  -4.1407726931858402e-02
   2.3899177581663253e-01
   5.3891123146644300e-02
   2.1273133661182279e-02
   3.5713146456893829e-02
   2.4009226120816951e-01
   5.1768398309868470e-03
   3.0793955136789697e-01
   2.5992349698570488e-02
   2.0242574417320311e-01
  -7.8144824260415940e-02
   2.2214117598809416e-01
   1.3138138570164709e-01
  -1.0204818824778460e-01
   1.4835978801722383e-01
  -1.1236833064871768e-01
  -1.3554242591260823e-01
  -5.3297222800264672e-02
   2.4761153722586945e-01
  -4.5965028882991275e-02
  -1.3815130281164553e-01
   2.2284786474043589e-01
   1.0504146517994242e-01
   1.2480038636900062e-01
   1.5049944999886745e-02
   3.0484939751060976e-02
   3.9490854877970466e-02
   2.0056653234018451e-01
   8.1655310213775579e-03
  -1.5271317370700499e-02
   2.6187893343908392e-01
   2.9281581041316684e-01
   6.5483196975345312e-02
  -2.7529406444907239e-02
   1.2672986692318813e-01
   2.1427685234660049e-01
   2.0648703429639906e-01
  -2.3139728476040872e-02
   2.2952941321569159e-01
  -5.9632353060920545e-02
   8.9320319991561745e-02
   1.3055967447145803e-01
   1.7713397490951494e-01
   7.3149560306960890e-02
   1.7817319539597595e-01
   1.4290103493642115e-01
   1.3084454773691540e-01
   2.2720050413591764e-01
  -6.6881910116046855e-02
   8.6328857413676310e-02
   6.0299327030487439e-02
   4.5469016773459145e-02
   2.5025608531930219e-03
   3.1376239430797336e-02
   2.9573899689704125e-01
   3.0570782024687471e-01
   1.8571436611225176e-01
  -7.4735288945322997e-02
  -6.7302212217893564e-02
   1.8738539653500466e-01
   3.0471695264476928e-01
   1.7568005136846707e-01
   2.8730891950088727e-01
   1.9037411606334129e-01
  -1.6948492338092111e-01
  -8.5629180817059627e-02
   2.4731386583992090e-01
   3.4317004626567560e-01
   1.1755820918426231e-01
   9.1345562095699578e-02
   1.7426938236212836e-01
   6.3193533067903776e-03
   2.9535151492929651e-01
   4.9341587594834936e-03
  -3.5561175690910947e-02
   2.4113642261851722e-02
  -1.8885676353853564e-03
   2.4331035841515999e-01
   1.5949017264172988e-01
   7.4168719429175994e-02
   2.6548868931700890e-02
   1.0848503111212118e-01
   7.0571565199202199e-02
   1.0900979248136437e-01
   1.6599801121288188e-01
  -2.5909871667503265e-02
   8.3372482044438992e-02
   2.2884815057371941e-01
   1.7036617570532289e-01
   1.6457149178357500e-01
   9.8251957935646866e-02
   2.9324198536591156e-01
   4.6310844876728714e-02
   2.1951511996329449e-02
   1.3761805698641835e-01
   2.3181012377811838e-01
  -6.0452924449909615e-02
   2.5827750509679992e-01
   5.1329485546614831e-02
  -1.5379582068067030e-01
   1.9259930876558081e-02
   3.0784385996245461e-01
   2.2874539544890760e-01
   1.7498235176536808e-01
   1.9655433713304105e-01
   8.5735955468850739e-02
   1.6875820888556575e-01
  -1.4888397005453000e-01
   1.4179403792755199e-01
  -1.6992586583294569e-01
   8.3781776797718241e-02
   2.5752183217614139e-01
   2.9712158527434457e-01
   2.6031433510369145e-01
   1.9509889126930127e-01
   2.4204147404440651e-01
   1.0172365851427062e-01
   1.7291157435047053e-01
  -8.7956366351230580e-02
   2.2430493397341586e-01
  -5.4573753563664409e-02
  -1.4123391937999757e-01
   9.1543822229136984e-02
  -1.2849339119525249e-01
   3.0834534049663381e-01
  -8.8486504301587485e-02
   1.1937480346486405e-01
   2.7022251015446275e-01
   2.4270100570410549e-01
   6.4025261980273473e-02
   9.0137977091962904e-02
   2.5647686558779675e-01
   2.8915568118203155e-01
   2.6185083993812036e-01
   1.5022623901834820e-01
   6.4969028058539310e-03
   2.2583565216283058e-01
   2.5739894505794808e-01
  -2.8820309774501042e-02
   2.5063412386286728e-02
   1.5606568057449321e-02
   1.2018634509017383e-01
   1.0056411691032303e-01
  -1.3159878410114498e-01
  -4.6846329988954563e-02
   2.7379709567182919e-01
   1.2058205753595028e-01
   6.4747331629511864e-02
   1.3774453561721450e-01
  -1.1971435827066984e-01
   8.8265171361521094e-02
   1.7407737076706969e-01
   1.3130134124084261e-01
   3.2049258388885393e-01
   2.6271014574256346e-01
  -6.5329116076311533e-02
   1.2416831836477804e-01
   1.2223533053144549e-01
  -1.3841342496608627e-01
  -9.1026177232262043e-02
  -1.2979597883409034e-02
   1.5992861795703381e-01
   2.3501761814928093e-01
   1.4101216472186645e-01
   2.2150361919833800e-02
   2.7648795374096080e-01
   2.2333837687406763e-01
   1.2376088667178665e-01
   1.6258764174997098e-01
   1.5700759769317965e-01
   1.7657277101579857e-01
   2.0407165692282217e-01
   1.4458352976290909e-01
  -6.1494154943354848e-02
   1.4185079574350445e-01
   2.6084309735618710e-01
   3.7598045091283061e-02
   3.2472592950979240e-01
   3.1493895455643289e-01
   2.7412534107586850e-01
  -3.5673745568803511e-02
  -2.2711694754524198e-02
   1.1107689219527508e-01
   2.2279140892517227e-01
   2.7605423235357487e-02
  -8.7993344603808348e-03
   9.6319286724313280e-02
   1.3816679226136255e-01
  -1.3690356225403386e-01
  -1.6630088084023351e-01
   1.0706529247991176e-01
   2.6840834377746853e-01
   1.6311235441378549e-01
  -7.5326235923046632e-03
   1.3564062279479138e-02
   1.0893031833282125e-01
   1.4382357857727479e-01
   7.9778341324244204e-02
   1.6121929249651118e-01
   2.7132131628446854e-01
   1.2517605151966349e-01
   2.7022187008504495e-01
   1.4685891704929768e-01
  -1.5608514778387045e-01
   2.0146448828255606e-01
  -1.2362730911317425e-02
   7.3187117943493876e-02
   6.1689331156408324e-02
  -2.8186322536166965e-02
  -1.7192442042428821e-01
  -1.3778518862793732e-01
   4.5764530923440884e-02
  -9.7543040706992171e-02
   1.2338994298839487e-01
   1.4610687297303734e-01
   1.7442825537446530e-01
  -5.9629089762885785e-02
   1.7743719374521821e-01
   2.8185332097507543e-01
   4.8465275557513170e-02
  -1.7489701073877862e-02
   2.9747567831532246e-01
   2.9412293920180566e-01
   3.2269994282160258e-01
   1.2586666781341451e-02
   1.1267407389596895e-01
   2.9191815543046484e-01
  -1.6478343708993115e-01
   1.2335025732808715e-01
   2.0400835480047116e-01
   1.4928934596638924e-01
  -1.5953421547940008e-01
   1.3887036010280124e-01
   2.8530464631448471e-01
   1.8346334908551556e-01
   2.6143312281932618e-01
   2.8325817478366044e-01
   2.9152503965418219e-01
   4.6383492195431822e-02
   2.6382918575190767e-01
   3.8233493630695524e-02
   1.1559385532374643e-01
   2.8680551834144036e-01
  -1.5372045053048758e-01
   1.3361530371490771e-01
   2.1263533830773873e-01
   1.2442037106033564e-01
   9.8098221227134560e-02
   1.4001543042493642e-01
   5.6571452953647981e-02
  -5.0830125134289222e-02
   1.0264653128858589e-01
  -1.1243614661578187e-02
   4.6931540900705095e-02
  -7.2016742444724599e-02
  -2.0102979928365234e-03
   6.6176654420121162e-02
   2.1712978170042777e-01
   5.0040323411862195e-02
   1.9549330449551294e-01
  -6.8976288031530955e-02
   8.6340309699321577e-02
  -1.1950283397518054e-01
   2.9089241986208669e-01
  -1.7653462050764325e-03
   3.6174006624549337e-02
   1.2432834863639462e-01
   1.5775429720761031e-01
   2.3612375078920667e-02
   2.0266900216823966e-01
   3.1877950387350529e-01
   4.0878635868369304e-02
   1.5813525907074324e-01
   1.5866048222393733e-01
   2.3826604587765565e-01
   1.3588573253813269e-01
   2.6135424107992533e-01
   2.1316773244501120e-03
   1.4648717837269684e-01
  -7.7349283243779127e-02
   2.3483707293258796e-01
   3.3401294626940817e-02
   1.3671925533607460e-01
   1.5832240576970397e-01
   1.8051508142581649e-01
   2.0704053897858338e-01
   9.8369958177084840e-02
  -5.9098003023555341e-02
  -5.8124976027569913e-02
  -4.4754961179778313e-02
   2.4711470700037666e-01
  -1.2244602546952804e-01
   1.5591755620737863e-01
   1.3638465971444330e-01
   1.2648767140772724e-01
   8.0961777761181672e-02
   2.8295406081581953e-01
   2.4157406297411257e-01
  -5.7549943641599051e-02
   1.2509032131203257e-01
   7.7852099083429938e-02
   8.2119622483297294e-02
   1.2313832271776179e-01
   2.0464367943201417e-02
   2.6178105502986049e-01
  -1.7291737707830093e-01
  -7.8486359846744933e-04
  -6.3225626287702702e-02
   3.4401410589217314e-02
   2.5090574354120632e-01
   2.0446263829054334e-01
   2.7307673214641931e-01
   1.8565206993484989e-01
   2.1460162336035651e-01
   2.3725379629802174e-01
   1.2080065495856977e-01
   1.4852744916446070e-01
   3.1507365265812888e-02
   5.1990524936493573e-02
  -9.5555118245672518e-02
   4.0675094284907516e-02
   1.5512896351065718e-02
  -2.3026203738017028e-02
   2.2256157680578820e-01
  -3.4604259097388471e-02
   3.5820937460491864e-02
  -1.1868762290029174e-02
   5.0485433611589609e-02
  -6.0572441983971742e-02
   1.6760845080199438e-01
   3.5740230365275821e-02
   1.1380138302088290e-02
  -6.3394650332619235e-02
   2.4369376210796895e-01
   1.3900291343819657e-01
  -5.8756093728185828e-03
  -1.7586478173135614e-01
  -2.2771600339384267e-02
  -1.7616683306364112e-01
   1.0995724107802208e-02
  -9.6867730895917076e-02
   1.5114928120517343e-01
   2.2581710739313215e-01
  -2.9508344695258811e-03
   1.9869790999772358e-01
   2.1354291506743624e-02
  -1.2348241622075529e-02
   2.9142594153818269e-01
   1.7442877051610300e-01
   2.0666905503355637e-01
   1.7031861912563459e-01
   2.6943772056744492e-01
  -1.1899767355479414e-01
   2.5955778953380354e-01
   5.3955856980591417e-02
   2.0307737275264687e-01
   3.0647710745658940e-01
   2.1053680887702325e-01
  -4.8112021141171545e-02
   5.5124147188765071e-02
   6.1213535339125241e-02
   1.3460441261979114e-01
   9.8134608697122983e-02
   1.1142553226806461e-01
   1.1953813465411149e-01
   2.8124218577238031e-02
  -8.3224473820392719e-03
   1.7281224013009472e-01
  -9.1880031897732223e-02
  -1.3090383731774102e-02
   2.3574251420131559e-01
  -1.8320957623229725e-01
   8.1614498060795890e-02
   1.3011584793223069e-01
   1.5313668899655494e-01
   7.3187079482543299e-03
  -7.0008634590500197e-03
  -3.8234118726900759e-02
   3.0373115302395087e-01
   2.8864810549516166e-02
   2.8503475327119715e-01
   8.7976714880492926e-02
   2.2171436256797358e-01
   1.2667557825979478e-01
   1.8937414604964675e-01
  -8.2433524728044286e-02
   1.2941032861518090e-01
   3.1162474111947461e-02
   2.7314491198580820e-01
   2.9892637782538613e-03
   1.8069100148356440e-01
   2.6391776401775657e-01
  -1.9586961456445326e-02
  -6.0086509994308465e-02
   9.0010481012043134e-02
   1.8326998003019881e-01
   1.8236743383812953e-02
   1.0432806050778159e-01
   1.8159070816653666e-01
  -1.5285101972480600e-01
   1.2422653699485504e-01
   2.7936242069519412e-01
   2.9287979498456834e-01
   1.5127540531347242e-01
   1.6967148526348497e-01
   2.0655343532550283e-01
   1.9586905799298734e-01
   1.3829475686863402e-01
  -6.8971929302744484e-02
   3.5271509371722125e-02
  -1.3281453234710899e-01
   8.3965210265992379e-02
   1.0676929402210433e-01
   9.4923355879516849e-02
   1.8115649631033007e-01
   2.2044235568342671e-01
  -1.6935448794322380e-01
   2.3521691633899669e-01
   2.6101090034550695e-01
   4.6253382055379426e-02
   9.6405679451118838e-03
   1.1347425394813832e-01
   1.8582299093673948e-01
   1.4556644694744791e-01
   2.8748398981795831e-01
   3.4117352658509091e-02
  -7.6144818598592512e-02
   7.6739481203036114e-02
  -1.6380022618852297e-01
   6.2072085356602628e-02
   2.1676764909884541e-01
  -6.3191167323068648e-02
   7.3785372826194337e-02
   6.2440750947355364e-02
   6.6064528963668184e-02
   2.9653263527817925e-01
   1.6682520442554763e-01
   1.3115671061514311e-01
   1.2152211587619746e-01
  -4.4787081806605199e-02
  -1.3683602807748921e-01
   1.4879822428810341e-01
  -5.9551178115984120e-03
   7.7510339987190993e-02
  -5.8964014011207523e-02
   1.0119510655919446e-01
   2.5812517790435546e-01
   2.8844905123041442e-02
  -1.6814005211441582e-01
   1.6752528536816982e-01
   1.7452813929264985e-01
   4.8619510066436715e-02
   8.0497624488396355e-02
   1.9617574490520301e-01
   2.0421190774945464e-01
   2.7846263566685908e-01
   1.3045869745421321e-01
   1.3118519475681092e-01
   2.6500666225875391e-01
  -1.3031816096884344e-01
   9.5023685589096074e-02
   2.5715553847511263e-01
  -9.7285621560503438e-02
   1.3786998915285167e-01
   7.2645465404420864e-02
   1.5882966761515072e-01
  -1.1326429045604658e-01
   1.2422818397092596e-03
   5.7926885280925856e-02
   5.9442946906829865e-02
   1.6156617620983543e-01
   1.4322358215229966e-01
  -1.8840138999330566e-01
   3.0409527305781409e-01
   2.8113793695928702e-01
   1.0265473086592949e-01
  -9.7738203704281698e-02
   1.0802041910638674e-01
   1.0286383166667902e-01
   1.7383425518542694e-01
   1.2009506317482378e-01
   8.4253696162407687e-02
   1.2733170099926475e-01
  -2.7837045434352389e-02
   1.6885162616770022e-01
   2.2407550831031633e-01
   2.2809713809649967e-01
   1.4358142583718961e-01
   1.9142474154530759e-01
   1.1294126947845222e-01
  -9.0142104814620785e-03
   2.1594572007815288e-01
   1.0053780803529203e-01
   3.0910050235636305e-01
   4.4642841979518677e-02
  -1.8647870924769205e-01
   2.0524470400054295e-01
   1.9412312752472793e-01
   6.5046262495542115e-02
   2.9225802043410676e-01
   1.9663736297451001e-01
   9.6025016098955709e-02
   2.1509479183577770e-01
   1.9108871587682635e-01
   1.0325439475733909e-01
  -1.3663652134062843e-01
   4.4846167069033334e-02
  -1.0906881080318854e-02
  -1.6624406074140383e-02
  -1.7720258729321890e-02
  -1.1491964737169295e-01
  -1.2181926973029343e-01
   1.8547094950022638e-01
   3.2872388036454026e-01
   6.0791463672256005e-02
   1.2959555013546270e-01
   1.6965781930034618e-01
  -1.5800948831361211e-01
   3.4798947235132521e-02
  -1.3793362204464385e-02
   1.2584243455099026e-01
   5.7761890569215666e-03
   1.9395119219240661e-01
   2.2714292973189085e-01
   4.2822184716384187e-02
   2.8694918461591234e-01
   2.2078216713369742e-01
  -1.0449471598439074e-01
   2.4200526272813586e-01
   9.5709638724962742e-02
  -9.2498437954252249e-02
  -5.5186998781423642e-02
   1.7505671995685662e-01
   6.5961609722945069e-02
   6.9563856427873869e-02
   1.5838683580520260e-01
   8.6763391179987229e-02
   2.8194350114661687e-01
   1.4407435434111357e-01
   1.9021031488595316e-01
   1.1010062995541095e-01
   1.3852056561256368e-01
   3.0759110335755158e-01
   1.4926041281117167e-01
   1.6340875477489467e-01
  -7.4696328212506364e-03
   4.3271958465274769e-02
   1.7703947879451609e-01
   1.0563883204120345e-01
  -1.2101962763146859e-01
  -1.3710884081891883e-01
  -2.7911435682349304e-02
   8.4414155869236923e-02
   2.4351594763461378e-02
  -1.8510963827021254e-01
  -1.6679100617019108e-01
   2.3849211067307777e-01
   1.8395362029481446e-01
   1.9856083638564234e-01
  -1.3092891032369838e-01
   2.2135328128570267e-01
   1.6119275111795023e-01
  -1.2119457113321673e-01
   2.6633514885810544e-01
   7.7753052397746852e-02
   3.0058868375722575e-01
   2.1377444551823058e-01
   1.2981863288790285e-01
   2.8348558990041023e-01
   2.3901661281293624e-01
   5.8911221970835460e-02
   1.2166726889137167e-01
   1.3570162248530240e-01
  -1.4741613505639273e-01
  -9.1952303643977065e-02
   2.0176800163663697e-01
   1.3277101418774853e-01
  -1.8846125113558362e-02
   2.4373068008441362e-01
  -1.8742109787805106e-01
   9.2514627121710338e-02
   5.7390615414095798e-02
   2.0536336363775540e-01
   6.6589368151550615e-02
   1.5735224507822093e-01
  -9.0858899831503054e-02
   1.0186364917232434e-01
  -3.7862328734213885e-02
   2.7477607208332273e-02
   6.4279316021818161e-02
  -8.3980698331021411e-02
   9.7679466664581924e-02
   1.3139975460804917e-01
   2.5967531325407767e-01
  -8.5553123981653267e-02
  -5.0981427338738124e-02
  -2.8008572355001295e-02
   2.0457015653793573e-01
  -6.3563553447915977e-02
   2.5440251224433147e-01
  -1.2736730893030673e-01
   7.1654796550052087e-03
  -2.6660573857215035e-02
  -8.2185469815900927e-02
   2.5970681721869487e-01
   1.9751335947232429e-01
   1.8332526794072684e-01
   2.6598600632848907e-01
   2.3406336870117631e-01
   2.1819455592483911e-02
   6.6985797458454038e-02
   2.9691911106438464e-02
   1.8965374082695061e-01
   4.4604630972038505e-02
   2.6633166530411612e-01
  -4.0288938639432011e-02
   3.0179681026721894e-01
   4.8777644575003901e-02
   7.6458432089398620e-04
   1.6950358447153469e-01
   4.3489455888020216e-02
  -1.4515257557519477e-02
   5.1945688118055396e-02
   3.5357287516450594e-04
   1.4678051344081119e-01
   3.2687990998011326e-02
   1.8296479410012131e-01
   2.0113069843161849e-01
   1.3971498551235781e-01
   1.3208447988147848e-01
   2.8105371252317074e-01
   1.7324865282224947e-01
   1.2536043773992697e-01
   8.6668244894000615e-02
   9.8613684204292035e-02
  -6.6840711641600103e-02
   1.1330714236656778e-01
   3.8138976381640738e-02
  -9.3206806704706380e-02
   3.1458402120644335e-01
   2.4341519539941264e-01
   2.2093966793367706e-01
   1.4278890301047592e-01
  -7.7608344013583463e-02
  -2.1031484712485917e-02
   2.0533973573974552e-02
  -1.4291666027383312e-01
   2.1519414121759764e-01
  -3.2748336736310071e-02
   1.1430285692510578e-01
   3.0980481336084520e-01
   1.5221058604157464e-01
   4.2347071169218695e-02
  -1.3110864749998591e-02
   2.3341722857930070e-01
  -1.2202952592557254e-01
  -2.5348670914940308e-02
   1.7810497187143512e-01
   3.0192125563994032e-01
   9.2582512828313854e-02
   1.1099159797913320e-01
   1.6400307341778955e-01
   9.7255239936777219e-02
   2.2481014523709383e-01
   2.4359838824628197e-02
