  -3.9168163527103117e-02
   3.3430683529329430e-02
   3.3430450344754115e-02
   3.3430515716285358e-02
   3.3430697099671280e-02
  -2.1214958596280253e-02
  -2.1214946405623158e-02
  -2.1214936992022093e-02
  -2.1214947881781743e-02
  -2.1214935515863509e-02
  -2.1214934214966286e-02
  -2.1214936992022093e-02
  -2.1214961373336727e-02
  -2.1214951959735773e-02
  -2.1214952821400568e-02
  -1.3061916458550038e-02
  -1.3061918563656238e-02
  -1.3061905029389753e-02
  -1.3061916819636421e-02
  -1.3061914669394492e-02
  -1.3061914759666116e-02
  -1.3061903240234207e-02
   1.5676590264590784e-02
   1.5676602170148768e-02
   1.5676602063397937e-02
   1.5676601956647163e-02
   1.5676601849896332e-02
   1.5676602063397937e-02
   1.5676598878070713e-02
   1.5676611103881299e-02
  -5.7293775071221409e-02
  -5.7293788619845021e-02
  -5.7293775559003723e-02
  -5.7293775266334390e-02
  -5.7293788424731984e-02
  -5.7293787547817554e-02
  -5.7293775948136005e-02
  -5.7293762594625541e-02
  -5.7293791827694063e-02
  -5.5202259479470328e-02
  -5.5202257870846927e-02
  -5.5202246193276794e-02
  -5.5202244546628920e-02
  -5.5202257984920122e-02
  -5.5202254539367612e-02
  -5.5202244736751116e-02
  -5.5202254805538697e-02
  -5.5202256452345722e-02
   3.0160071986536807e-02
   3.0160147775226187e-02
   3.0160427638581455e-02
   3.0160133750452789e-02
  -4.0263684913537823e-02
  -4.0263693004482515e-02
  -4.0263684913537823e-02
  -4.0263684699472446e-02
  -4.0263672766596592e-02
  -4.0263691797753742e-02
  -4.0263684699472446e-02
  -4.0263680928896595e-02
   1.3439663637205168e-02
   1.3439661912222289e-02
   1.3439663332603047e-02
   1.3439663180302042e-02
   1.3439662064523461e-02
   1.3439662064523461e-02
   1.3439661303018269e-02
   1.3439658494435458e-02
  -7.9382679412671797e-02
  -7.9382692410527589e-02
  -7.9382679446051596e-02
  -7.9382679612950757e-02
  -7.9382686081829523e-02
  -7.9382687077989678e-02
  -7.9382672917074348e-02
  -7.9382686208687769e-02
  -7.9382687304368482e-02
   2.7634066742389884e-02
   2.7634173828049891e-02
  -2.5417200272847607e-02
  -2.5417190633161058e-02
  -2.5417190633161058e-02
  -2.5417192446718306e-02
  -2.5417192446718306e-02
  -2.5417200585043154e-02
  -2.5417200647482208e-02
  -2.5417200647482208e-02
  -2.5417201836648473e-02
  -2.5417203569169933e-02
  -2.2521368291940236e-02
  -2.2521368017639876e-02
  -2.2521368291940236e-02
  -2.2521369585658646e-02
  -2.2521369859958951e-02
  -2.2521368429090416e-02
  -2.2521382711038207e-02
  -2.2521368703390776e-02
  -2.2521355578011326e-02
  -2.2521381280169894e-02
   5.1369331040214183e-02
   5.1369747635812035e-02
   5.1369573932388390e-02
  -8.8552717645801388e-02
  -8.8552717645801388e-02
  -8.8552696544804549e-02
  -8.8552730006065589e-02
  -8.8552716661128017e-02
  -8.8552704245619535e-02
  -8.8552724582919656e-02
  -8.8552701525995925e-02
  -8.8552682725811155e-02
  -1.1850839458494189e-02
  -1.1850841294560710e-02
  -1.1850841372548271e-02
  -1.1850839614469477e-02
  -1.1850827955861176e-02
  -1.1850852953169178e-02
  -1.1850840004407559e-02
  -1.1850842584713972e-02
  -1.1850828501774491e-02
   3.4598670157867384e-02
   3.4598670065217441e-02
   3.4598669972567386e-02
   3.4598669879917332e-02
   3.4598670065217441e-02
   3.4598683343713299e-02
   3.4598683065763192e-02
   3.4598671183540985e-02
   3.4598682973113193e-02
   3.4598668466002847e-02
   5.7592995410086778e-02
   5.7592992306696567e-02
   5.7592992423820433e-02
   5.7592995410086778e-02
   5.7592983271165410e-02
   5.7592992423820433e-02
   5.7592994941591313e-02
   5.7592983036917622e-02
   5.7592979836993019e-02
   5.7592982919793811e-02
  -9.2517116718092984e-02
  -9.2517116800676702e-02
  -9.2517115623826390e-02
  -9.2517104691876240e-02
  -9.2517120640007305e-02
  -9.2517114889405394e-02
  -6.6391828187986557e-02
  -6.6391805505105816e-02
  -6.6391847068590581e-02
  -6.6391850635686256e-02
  -6.6391837223443440e-02
  -6.6391797534340324e-02
  -6.6391801350057067e-02
  -6.6391748359920788e-02
  -6.6391758315599680e-02
  -6.6391762601676008e-02
   2.7504462525825391e-02
   2.7504529816923307e-02
   2.7503107300422214e-02
   2.7504292135354103e-02
   2.7504348534926337e-02
   1.4429621832876688e-01
   1.4468880482683133e-03
   1.4468976089718755e-03
   1.4468878720615419e-03
   1.4468883125783316e-03
   1.4468971684550858e-03
   1.4468970803517278e-03
   1.4468876958548260e-03
   1.4469011441978763e-03
   1.4468862169797481e-03
   3.1399115426374469e-02
   3.1399128205695570e-02
   3.1399127016612571e-02
   3.1399104183019000e-02
   3.1399114237291581e-02
   3.1399139795933506e-02
   3.1399107654983660e-02
   3.1399139795933506e-02
   3.1399138606850507e-02
   3.1399148261089305e-02
  -2.5256339533455741e-02
  -2.5256339773776948e-02
  -2.5256339773776948e-02
  -2.5256340014098100e-02
  -2.5256327504058707e-02
  -2.5256327383898214e-02
  -3.8796646369280208e-02
  -3.8796643100903527e-02
  -3.8796620280777017e-02
  -3.8796633325028584e-02
  -3.8796621595149183e-02
  -3.8796641716707492e-02
  -3.8796624863525364e-02
  -3.8796631440848273e-02
  -3.8796626247721566e-02
   4.7069897971638075e-02
   4.7069919422907003e-02
   4.7069908282047324e-02
   4.7069919422907003e-02
   4.7069919422907003e-02
   4.7069919422907003e-02
   4.7069910272557747e-02
   4.7069919422907003e-02
   4.7069899325834941e-02
   4.7069930757903888e-02
   4.0374231235648483e-02
   4.0374489922189394e-02
  -1.9692836439863637e-02
  -1.6610645860616280e-02
  -1.6610645860616280e-02
  -1.6610636598407225e-02
  -1.6610645860616280e-02
  -1.6610636598407225e-02
  -1.6610636598407225e-02
  -1.6610633760131388e-02
  -1.6610632220840582e-02
  -1.6610636598407225e-02
  -1.6610634936910285e-02
  -4.1137563285709167e-03
  -4.1137441113097140e-03
  -4.1137437952696310e-03
  -4.1137352782470993e-03
  -4.1137441113097140e-03
  -4.1137459470099724e-03
  -4.1137462630501109e-03
  -4.1137460523567038e-03
  -4.5463905250191450e-02
  -4.5463896783912994e-02
  -4.5463909548540071e-02
  -4.5463896971631002e-02
  -4.5463898066329278e-02
  -4.5463897972470357e-02
  -4.5463917952568933e-02
   2.8317738704275675e-02
   2.5500739183614063e-02
   2.5500738024334668e-02
   2.5500739183614063e-02
   2.5500728465059297e-02
   2.5500738024334668e-02
   2.5500738024334668e-02
   2.5500738024334668e-02
   2.5500748742889434e-02
   2.5500747583609984e-02
  -5.8712655147304893e-02
  -5.8712638225460800e-02
  -5.8712670874419060e-02
  -5.8712693794493842e-02
  -5.8712589314014962e-02
  -5.8712556131794824e-02
   7.8520383929616522e-02
   7.8520471049149942e-02
  -4.9791760120031836e-02
  -4.9791751163074549e-02
  -4.9791738369476701e-02
  -4.9791754846730485e-02
  -4.9791734532836529e-02
  -4.9791742053132193e-02
  -4.9791809047424862e-02
  -4.9791683422372501e-02
  -4.9791681921782516e-02
  -4.9791826335025713e-02
  -6.7963761991803318e-03
  -6.7963628203223103e-03
  -6.7963625343137046e-03
  -6.7963759131716706e-03
  -6.7963632493353576e-03
  -6.7963726075985220e-03
  -6.7963761991803318e-03
  -6.7963759131716706e-03
  -6.7963745998556591e-03
  -6.7963603990525145e-03
   3.8058985801980305e-02
  -2.6582089140175791e-03
  -2.6582089140175791e-03
  -2.6581958845449671e-03
  -2.6581973381243351e-03
  -2.6582089140175791e-03
  -2.6582089140175791e-03
  -2.6581992574438718e-03
  -2.6582068875600218e-03
  -2.6581998303218946e-03
  -1.7718951087706714e-02
  -1.7718951087706714e-02
  -1.7718941591794213e-02
  -1.7718962996679299e-02
  -1.7718937824736603e-02
  -1.7718937300598758e-02
  -1.7718930206959416e-02
  -1.7718962996679299e-02
  -1.7718929682821627e-02
  -1.7718930206959416e-02
   1.1220811917692086e-03
   1.1220810681689675e-03
   1.1220824976346244e-03
   1.1220808209685407e-03
   1.1220806973683550e-03
   1.1220808209685407e-03
   1.1220814389695244e-03
   1.1220813153692832e-03
   1.1220817560333440e-03
   1.1220790848783802e-03
   3.0092915252349528e-02
   3.0092940849466399e-02
  -3.4041734254412370e-02
  -3.4041691901182169e-02
  -3.4041635201759679e-02
  -3.4041611068822475e-02
  -3.4041554757901438e-02
  -3.4041484491493690e-02
  -3.4041401526726300e-02
   2.7956355317491577e-02
   3.8279091998276615e-02
  -1.0391118077933456e-01
  -1.0391117974752492e-01
  -1.0391117981111017e-01
  -7.0387191262914317e-02
  -7.0387205341790271e-02
  -7.0387191310001818e-02
  -7.0387191357089263e-02
  -7.0387182933719039e-02
  -7.0387191451264153e-02
  -7.0387196730070545e-02
  -7.0387196635895655e-02
  -7.0387204225872524e-02
  -7.0387193683100313e-02
  -8.3234547253450752e-02
  -8.3234554790167670e-02
  -8.3234554824394846e-02
  -8.3234560061465956e-02
  -8.3234548370395900e-02
  -8.3234552524748984e-02
  -8.3234558941823078e-02
   3.1057640177090839e-02
  -3.3202080103801268e-02
  -3.3202071951476453e-02
  -3.3202080404568068e-02
  -3.3202068036419341e-02
  -3.3202071951476453e-02
  -3.3202058833417925e-02
  -3.3202067886035969e-02
  -3.3202071349942797e-02
  -3.3202058382267696e-02
  -3.3202059884094526e-02
   3.1331201407205855e-02
   3.1331358479196825e-02
   3.1331220148752115e-02
   3.1331270129291322e-02
   3.1331286995676833e-02
  -9.1488721157526209e-02
  -9.1488721101119552e-02
  -9.1488728419997056e-02
  -9.1488733966617497e-02
  -9.1488728391793755e-02
  -9.1488728504607014e-02
  -9.1488726675943433e-02
  -9.1488726422113587e-02
  -9.1488726647740104e-02
   4.4434795018464091e-02
   4.4435032265573327e-02
  -8.5428997271135038e-02
  -8.5428989507975533e-02
  -8.5429001423242085e-02
  -8.5428989507975533e-02
  -8.5428997470455764e-02
  -8.5428997520285904e-02
  -8.5428996374689092e-02
  -8.5428992023261374e-02
  -8.5428994556528776e-02
  -1.6208730560736795e-02
  -1.6208730674556693e-02
  -1.6208730560736795e-02
  -1.6208719233834823e-02
  -1.6208717967346964e-02
  -1.6208717739707057e-02
  -1.6208721861336484e-02
  -1.6208715453665368e-02
  -4.3208665598317431e-02
  -4.3208665490967024e-02
  -4.3208665920368261e-02
  -4.3208665490967024e-02
  -4.3208664622706228e-02
  -4.3208667687918090e-02
  -4.3208668878229939e-02
  -4.3208636464565575e-02
  -7.5315205079914682e-02
  -7.5314391977309492e-02
  -7.5312905443270850e-02
  -7.5313833906988870e-02
  -7.5315278640822603e-02
  -7.5308653416342131e-02
  -7.5312637524319381e-02
  -7.5312299839452979e-02
  -7.2841355880689518e-03
  -7.2841355880689518e-03
  -7.2841357484402791e-03
  -7.2841355880689518e-03
  -7.2841355880689518e-03
  -7.2841360691828783e-03
  -7.2841360691828783e-03
  -7.2841360691828783e-03
  -7.2841360691828783e-03
  -7.2841390141052398e-03
  -6.6210827585028720e-03
  -6.6210739085332260e-03
  -6.6210844162953308e-03
  -6.6210739085332260e-03
  -6.6210626259186611e-03
  -6.6210716382265611e-03
  -6.6210739085332260e-03
  -6.6210853534865444e-03
  -2.8941556414746439e-02
   3.5188033862319112e-02
   3.5188208394949405e-02
   3.5187973054503385e-02
   3.5188210354198723e-02
   5.5511662429321929e-02
   2.3911359278835920e-03
   2.3911218602307716e-03
   2.3911361414133969e-03
   2.3911358211185507e-03
   2.3911358211185507e-03
   2.3911339041546853e-03
   2.3911357143536760e-03
   2.3911356075886903e-03
   2.3911219669956463e-03
   2.3911238312485650e-03
  -5.2233378333886749e-02
  -5.2233372270069134e-02
  -5.2233372305226677e-02
  -5.2233379545585990e-02
  -5.2233368026273042e-02
   2.1713512275339297e-02
   2.1713497989482577e-02
   2.1713512036106386e-02
   2.1713497750249722e-02
   2.1713497989482577e-02
   2.1713511876617742e-02
   2.1713510109648171e-02
   2.1713499836196359e-02
   2.1713513643586979e-02
   1.3744736323577256e-02
   1.3744736323577256e-02
   1.3744747581313499e-02
   1.3744740005195988e-02
   1.3744736323577256e-02
   1.3744747799795343e-02
   1.3744736323577256e-02
   1.3744747799795343e-02
   1.3744738331041007e-02
   1.3744747799795343e-02
  -4.6229162888550668e-02
  -4.6229164440909742e-02
  -4.6229164774957754e-02
  -4.6229151322309758e-02
  -4.6229151322309758e-02
  -4.6229156973754071e-02
  -4.6229169872301745e-02
  -2.4092899023287262e-02
  -2.4092908431344595e-02
  -2.4092908524306733e-02
  -2.4092899116249400e-02
  -2.4092899395135980e-02
  -2.4092908431344595e-02
  -2.4092899116249400e-02
  -2.4092899674022505e-02
  -2.4092900184891353e-02
  -2.4092905829250499e-02
  -2.2311090786312771e-03
  -2.2311229088218254e-03
  -2.2311093250612091e-03
  -2.2310991503006750e-03
  -2.2310992735156687e-03
  -2.2310995199456007e-03
  -2.2310995199456007e-03
  -2.2310992735156687e-03
  -2.2311217760648816e-03
  -2.2311100643508941e-03
  -3.7941702346653339e-02
  -3.7941702283610546e-02
  -3.7941702598824623e-02
  -3.7941690428671127e-02
  -3.7941690491713920e-02
  -3.7941690365628222e-02
  -3.7941690302585429e-02
  -3.7941691593864124e-02
  -3.7941692885142930e-02
   2.9224760431504682e-02
   2.9224833722092058e-02
   3.9986993524916969e-02
   3.9987018139546193e-02
   3.9987483097980780e-02
   3.9986785356668886e-02
   3.9987394773724316e-02
  -6.4989560908920274e-02
   1.9058265639412486e-02
  -7.9743952863043921e-03
  -7.9743808879078060e-03
  -7.9743812467810704e-03
  -7.9744697173326773e-03
  -5.4671292133407046e-02
   3.1461259352934923e-02
  -1.1498899750505703e-01
  -1.1498899313953806e-01
  -1.1498898670563398e-01
  -1.1498898109686956e-01
  -1.1498899959045100e-01
  -1.1498898663759755e-01
  -1.1498898122582071e-01
  -1.1498898127684806e-01
  -3.2572386831399736e-02
  -3.2572374048996156e-02
  -3.2572386727358016e-02
  -3.2572374569204865e-02
  -3.2572374048996156e-02
  -3.2572377820567711e-02
  -3.2572374757014411e-02
  -3.2572388958577947e-02
  -1.4240389433602618e-02
  -1.4240387474507343e-02
  -1.4240401979624284e-02
  -1.4240387572534763e-02
  -1.4240402077651593e-02
  -1.4240387670562127e-02
  -1.4240387768589435e-02
  -1.4240402077651593e-02
  -1.4240389825712019e-02
  -1.4240400412638521e-02
  -9.3121626561353504e-02
  -9.3121625711087203e-02
  -9.3121627854773376e-02
  -9.3121634302119727e-02
  -9.3121640578017834e-02
   3.0363012148353130e-02
   3.0363062450979195e-02
   2.3083054295942262e-02
   2.3083057273733165e-02
   2.3083054295942262e-02
   2.3083069045786553e-02
   2.3083070720013366e-02
   2.3083057273733165e-02
   2.3083066438658317e-02
   2.3083066438658317e-02
   2.3083079884938351e-02
   2.3083056358227327e-02
  -4.2797041747210496e-02
  -4.2797050414488058e-02
  -4.2797050560103411e-02
  -4.2797014553846324e-02
  -4.2797028115906355e-02
  -4.2797013825769059e-02
  -4.2797014116999932e-02
  -4.2797024025572838e-02
  -4.2797028115906355e-02
  -4.2797059081765343e-02
  -1.0038924459592813e-02
  -4.0672566573295377e-02
  -2.6688910556039225e-02
  -2.6688890510345897e-02
  -2.6688901883783922e-02
  -2.6688899281025247e-02
  -2.6688899281025247e-02
  -2.6688897926162747e-02
  -2.6688897926162747e-02
  -2.6688909594872690e-02
  -2.6688908346976237e-02
   2.6391821546618677e-02
   7.9738509878171937e-02
  -1.3049413351150008e-02
  -1.3049424406538168e-02
  -1.3049413351150008e-02
  -1.3049415419939592e-02
  -1.3049427364099142e-02
  -1.3049414609979049e-02
  -1.3049426105270212e-02
  -1.3049403475780208e-02
  -1.3049395121812857e-02
  -1.3049482058546336e-02
  -2.9721907494482058e-02
  -2.9721916297888451e-02
  -2.9721916402494775e-02
  -2.9721917824785948e-02
  -2.9721916611707255e-02
  -2.9721904638611130e-02
  -2.9721904847823721e-02
  -2.9721908916773343e-02
  -2.9721917134738651e-02
   3.0457125808068586e-02
   3.0456945279872194e-02
   3.0456898052329928e-02
   3.0456863373301557e-02
   1.4344757478296777e-02
   1.4344757327038271e-02
   1.4344757175779765e-02
   1.4344757327038271e-02
   1.4344757327038271e-02
   1.4344757024521204e-02
   1.4344756873262698e-02
   1.4344757175779765e-02
   1.4344757327038271e-02
   1.4344745705159367e-02
  -4.1087155859443170e-02
  -4.1087155798489594e-02
  -4.1087158830548143e-02
  -4.1087155981350376e-02
  -4.1087155737535963e-02
  -4.1087155981350376e-02
  -4.1087147188296202e-02
  -4.1087159135316076e-02
  -4.1087151403576994e-02
  -4.1087151281669787e-02
  -2.0820933062351832e-02
  -2.0820924549875164e-02
  -2.0820924291406695e-02
  -2.0820924679109343e-02
  -2.0820924808343688e-02
  -2.0820936105861054e-02
  -2.0820912098753697e-02
  -2.0820928617754419e-02
  -2.0820921128167413e-02
  -2.0820932684152971e-02
  -2.2108680163114125e-02
  -2.2108666417190781e-02
  -2.2108667994546749e-02
  -2.2108667994546749e-02
  -2.2108667994546749e-02
  -2.2108670931506036e-02
  -2.2108667994546749e-02
  -2.2108669496135269e-02
  -2.2108667994546749e-02
  -2.2108661775665006e-02
  -7.6915114498922743e-03
  -7.6915113070580299e-03
  -7.6915113070580299e-03
  -7.6915114498922743e-03
  -7.6915120212293075e-03
  -7.6915120212293075e-03
  -7.6915120212293075e-03
  -7.6915118783950631e-03
  -7.6915021331103728e-03
  -4.0138247963394047e-02
  -4.0138248279127153e-02
  -4.0138246978178638e-02
  -4.0138247647660996e-02
  -4.0138235277710710e-02
  -4.0138235277710710e-02
  -4.0138259874350768e-02
  -4.0138255418382285e-02
  -4.0138263660836782e-02
  -9.9793438830087511e-03
  -9.9793416764239473e-03
  -9.9793604851663442e-03
  -5.2010783661226245e-02
  -5.2010784035364521e-02
  -5.2010774262895298e-02
  -5.2010784160077261e-02
  -5.2010784160077261e-02
  -5.2010787171218653e-02
  -5.2010782694048907e-02
  -5.2010780587728678e-02
   3.7285468105344943e-02
   3.7285356841421702e-02
   3.7285608671692227e-02
   3.7286758353601845e-02
   3.7285979519919465e-02
   3.7285261158260974e-02
  -2.0742187295779480e-02
  -2.0742187295779480e-02
  -2.0742187295779480e-02
  -2.0742185997080831e-02
  -2.0742187295779480e-02
  -2.0742168171416220e-02
  -2.0742199502299608e-02
  -2.0742184870121250e-02
  -2.0742194650982648e-02
   1.7528466136526505e-01
   1.7528353032592675e-01
  -1.0804436645346538e-01
  -1.0804435453653011e-01
  -1.0804435021999947e-01
  -1.0804435463764506e-01
  -1.0804434608575925e-01
  -1.0804436857478089e-01
   2.8939444465050257e-02
   2.8939444465050257e-02
   2.8939442941071036e-02
   2.8939444465050257e-02
   2.8939442941071036e-02
   2.8939431244152602e-02
   2.8939444465050257e-02
   2.8939444465050257e-02
   2.8939442941071036e-02
   2.8939456161968524e-02
   5.7191672201011678e-02
   5.7191630021457329e-02
   7.8591931062024778e-03
   7.8591841559968456e-03
   7.8591841559968456e-03
   7.8592056911360730e-03
   7.8592056911360730e-03
   7.8591967409302743e-03
   7.8591967409302743e-03
   7.8592042292884856e-03
   7.8591952790828534e-03
   1.4402698477880810e-01
   1.4403418488972852e-01
   6.0000595504544951e-02
   1.3939362922232523e-02
   1.3939361474145595e-02
   1.3939379753304115e-02
   1.3939376610030974e-02
   1.3939375390119302e-02
   1.3939375390119302e-02
   1.3939376610030974e-02
   1.3939375390119302e-02
   1.3939334098547806e-02
   1.3939320410748468e-02
  -4.5622700101407676e-02
  -4.5622700101407676e-02
  -4.5622700288749651e-02
  -4.5622700063939314e-02
  -4.5622687670621276e-02
  -4.5622690501142538e-02
  -4.5622693271130721e-02
  -4.5622702871395859e-02
   6.2753236589832118e-02
   6.2752960740302677e-02
   6.2753939042575257e-02
   6.2752747969407885e-02
   6.2754274998116033e-02
  -9.9067834304567587e-02
  -9.9067828412136155e-02
  -9.9067822867210276e-02
  -9.9067817080897735e-02
  -9.9067856333234561e-02
   4.9317776114340850e-02
   4.9318078054021386e-02
   4.9317559057802218e-02
  -3.2678183434337871e-02
  -3.2678183358615220e-02
  -3.2678183282892737e-02
  -3.2678183510060466e-02
  -3.2678183661505600e-02
  -3.2678184755635276e-02
  -3.2678186438040269e-02
  -3.2678187607892539e-02
  -3.2678178500616661e-02
  -2.4201022849840215e-02
  -2.4201035363401902e-02
  -2.4201024205984412e-02
  -2.4201032702863889e-02
  -2.4201024205984412e-02
  -2.4201015838548334e-02
  -2.4201035492845524e-02
  -2.4201034188451653e-02
   5.2427468664807741e-02
   5.2427062283329662e-02
   5.2427857978433634e-02
   5.2427217599548936e-02
   5.2426974027906637e-02
   5.2426391234431879e-02
   5.2428496331259733e-02
   6.9185103012673332e-02
   6.9185477672814688e-02
   6.9185153962918799e-02
   6.9185292611550597e-02
  -4.1497455296660157e-03
  -4.1497324344019204e-03
  -4.1497233297230762e-03
  -4.1497324344019204e-03
  -4.1497440687311427e-03
  -4.1497309734669918e-03
  -4.1497228943371267e-03
  -4.1497465983820203e-03
  -4.1497097990729759e-03
   4.0633069036578262e-02
   2.6641811366852397e-02
  -3.2293046852149510e-02
  -4.7271646584628513e-02
  -4.7271647681664308e-02
  -4.7271655086923547e-02
  -4.7271634835413912e-02
  -4.7271634835413912e-02
  -4.7271636418474094e-02
  -4.7271627673166505e-02
  -4.7271655694453907e-02
   2.5754402095618523e-02
   2.5754412872798060e-02
   2.5754412514076230e-02
   2.5754401736896693e-02
   2.5754401736896693e-02
   2.5754401916257663e-02
   2.5754399789175542e-02
   2.5754399609814627e-02
   2.5754413052158920e-02
   2.5754410925076632e-02
  -6.5022165430720091e-02
  -6.5022188835292039e-02
  -6.5022173278764139e-02
  -6.5022171975510634e-02
  -6.5022167535910946e-02
  -6.5022156396027264e-02
  -6.5022147724905388e-02
   2.0238882443338768e-02
   2.0238886173090553e-02
   2.0238886173090553e-02
   2.0238886173090553e-02
   2.0238896060327916e-02
   2.0238896060327916e-02
   2.0238896060327916e-02
   2.0238884012133640e-02
   2.0238885294580844e-02
   2.0238885580928512e-02
  -2.9294611745210808e-02
  -2.9294599298485935e-02
  -5.9662827825993248e-02
  -5.9662823028757805e-02
  -5.9662822962392670e-02
  -5.9662815340921493e-02
  -5.9662815141826142e-02
  -5.9662815274556413e-02
  -5.9662826632375099e-02
  -5.9662826698740179e-02
  -5.9662813196383169e-02
   5.3795465009952803e-02
   5.6157973585123755e-02
   5.6159553885314961e-02
   5.6158270942435418e-02
   5.6157315598578394e-02
   5.6158860506499930e-02
   3.2200542238189911e-02
   3.2200675547100266e-02
   3.2200951274929890e-02
   3.2200638580381080e-02
   3.2200346229926791e-02
   3.9631038144072317e-02
  -1.6825036543772154e-02
  -1.6825023912404591e-02
  -1.6825025256248016e-02
  -1.6825036543772154e-02
  -1.6825027976592244e-02
  -1.6825027622496103e-02
  -1.6825029320435669e-02
  -1.6825016689067995e-02
  -1.6825025256248016e-02
   6.7666108845096495e-02
   6.7664617852016162e-02
   6.7667393279956023e-02
   6.7667008504072479e-02
   6.7664718673462021e-02
   6.7666470566617176e-02
   6.7667496512319236e-02
   6.7666528329201725e-02
   6.7665380425151800e-02
   6.7668008375339705e-02
  -4.4702219438409130e-02
  -4.4702226651234689e-02
  -4.4702237093321440e-02
  -4.4702250308212732e-02
  -4.4702242126376968e-02
  -4.4702245355638437e-02
  -4.4702233864060248e-02
  -4.4702189025060901e-02
  -4.4702174797192684e-02
   1.3934610198404029e-02
   1.3934611489448856e-02
   1.3934601524878965e-02
   1.3934599377616763e-02
   1.3934599274820159e-02
   1.3934620060177094e-02
   1.3934611386652029e-02
   1.3934621019191185e-02
   1.3934599377616763e-02
   1.3934621019191185e-02
   1.1129832061647249e-02
   1.1129832061647249e-02
   1.1129842422539282e-02
   1.1129832061647249e-02
   1.1129843299198694e-02
   1.1129855317172088e-02
   1.1129832061647249e-02
   1.1129832061647249e-02
   1.1129832061647249e-02
   1.1129836208636723e-02
   8.4676076837618131e-03
   8.4676094779640443e-03
   8.4676076837618131e-03
   8.4676078146814215e-03
   8.4676208077980597e-03
   8.4676206768784512e-03
   8.4676074219226516e-03
   8.4676089542856658e-03
   8.4676202841196813e-03
   8.4676093470444358e-03
  -4.2522421446619107e-02
  -4.2522420122374005e-02
  -4.2522426149581571e-02
  -4.2522433274557292e-02
  -4.2522422812471206e-02
  -4.2522441765384666e-02
  -4.2522429895839819e-02
  -4.2522429895839819e-02
  -4.2522438386667250e-02
   1.0582800834850359e-02
   1.0582813019399007e-02
   1.0582814297917686e-02
   1.0582811820459614e-02
   1.0582822547777038e-02
   1.0582822547777038e-02
   1.0582834732325519e-02
   1.0582833453806673e-02
   1.0582836189556855e-02
   1.0582846916874000e-02
   5.9491564969780752e-02
  -1.7247320034344482e-02
  -1.7247308969821795e-02
  -1.7247297536251538e-02
  -1.7247299935421623e-02
  -1.7247306201603918e-02
  -1.7247297536251538e-02
  -1.7247306201603918e-02
  -1.7247329068744488e-02
  -1.7247334236134060e-02
   2.9978071660007266e-02
  -9.4270132854915034e-03
  -9.4270048977695975e-03
  -9.4270023946372294e-03
  -9.4270028638405168e-03
  -9.4270048977695975e-03
  -9.4270048977695975e-03
  -9.4270150584698786e-03
  -9.4270062015447409e-03
   3.3654960964882907e-02
   3.3654950813445605e-02
   3.3654950813445605e-02
   3.3654949490204700e-02
   3.3654959706449827e-02
   3.3654960964882907e-02
   3.3654949490204700e-02
   3.3654960964882907e-02
   3.3654970408118212e-02
   3.3654960964882907e-02
  -6.8401444572182724e-02
  -6.8401407138110104e-02
  -6.8401396603584186e-02
  -6.8401488438497415e-02
  -6.8401492391878593e-02
  -6.8401307198902028e-02
  -6.8401274246154942e-02
  -6.8401181712326009e-02
  -6.8401159294103453e-02
   3.8946479924448996e-02
  -2.4751762689922074e-02
   4.4826774014066928e-02
   1.6232495403025460e-02
   3.5017206595506556e-02
   3.5017219021600099e-02
   3.5017217766770081e-02
   3.5017217766770081e-02
   3.5017208614089634e-02
   3.5017209868919652e-02
   3.5017206595506556e-02
   3.5017208614089634e-02
  -1.8207424104119518e-02
  -1.8207432700671933e-02
  -1.8207412612731955e-02
  -1.8207415507566715e-02
  -1.8207426998954668e-02
  -1.8207412612731955e-02
  -1.8207413857766974e-02
  -1.8207405261214116e-02
  -1.8116455369706908e-02
  -1.8116453993491433e-02
  -1.8116445283804961e-02
  -1.8116442497448482e-02
  -1.8116433787761843e-02
  -1.8116442497448482e-02
  -1.8116422291718948e-02
  -1.8116450144845475e-02
  -1.8116460544672808e-02
   1.0084353253638645e-01
   1.0084299191689683e-01
   3.7128703703648291e-03
   3.7128826449847052e-03
   3.7128826449847052e-03
   3.7128824833123075e-03
   3.7128824833123075e-03
   3.7128828066570474e-03
   3.7128828066570474e-03
   3.7128934388657719e-03
   3.7128839273301018e-03
   3.7128797202280461e-03
  -6.2275451087849709e-02
  -6.2275444447953188e-02
  -6.2275444622501896e-02
  -6.2275433565578076e-02
  -6.2275460210790556e-02
  -6.2275434416203757e-02
  -6.2275447427200092e-02
  -7.2725310432920243e-02
  -7.2725310432920243e-02
  -7.2725311280512850e-02
  -7.2725312959194710e-02
  -7.2725285632943670e-02
  -7.2725280355352251e-02
  -7.2725278209604893e-02
  -7.2725282511532652e-02
  -3.0862232266486933e-02
  -3.0862241162571524e-02
  -3.0862220229233073e-02
  -3.0862232266486933e-02
  -3.0862220229233073e-02
  -3.0862229125317775e-02
  -3.0862229125317775e-02
  -3.0862227675737208e-02
  -3.0862224819982742e-02
  -3.0862226019877592e-02
  -4.4095551997910765e-02
  -4.4095555493731120e-02
  -4.4095552202167543e-02
  -4.4095565534296721e-02
  -4.4095548706347187e-02
  -4.4095519360713320e-02
  -4.4095506028584031e-02
  -4.4095507316374460e-02
  -4.4095490219334510e-02
   1.1457439333910524e-02
   1.1457449844960499e-02
   1.1457416829660227e-02
   1.1457415815933902e-02
   1.1457303882643655e-02
   1.1457332209683146e-02
   1.1457309884419342e-02
   3.0185534149332283e-02
   4.2443039248914072e-02
   4.2443205000166795e-02
   3.5080261865862106e-02
   3.5080380300388403e-02
   3.5080022333518812e-02
   7.2698854958241910e-04
   7.2699751611920993e-04
   7.2698862721093382e-04
   7.2699025166922393e-04
   7.2698823906836019e-04
   7.2698823906836019e-04
   7.2699009641219448e-04
   7.2698528745457347e-04
   7.2698823906836019e-04
  -4.1295161038550687e-02
  -4.1295152838578708e-02
  -4.1295154446576332e-02
  -4.1295161219577992e-02
  -4.1295152838578708e-02
  -4.1295141702993643e-02
  -4.1295141702993643e-02
  -4.2266383386172834e-02
  -4.2266382128208935e-02
  -4.2266383386172834e-02
  -4.2266386699949088e-02
  -4.2266362371882082e-02
  -4.2266371984107931e-02
  -4.2266363718503785e-02
  -4.2266363718503785e-02
   2.5300818361043975e-02
   2.5300818714276974e-02
   2.5300809861931728e-02
   2.5300836439621999e-02
   2.5300839202641645e-02
   2.5300881051422086e-02
   2.5300902515988766e-02
   2.5300930776345654e-02
   2.5300995523275638e-02
  -5.8680393634823358e-02
  -5.8680393527808128e-02
  -5.8680398689756830e-02
  -5.8680393741838588e-02
  -5.8680385640664912e-02
  -5.8680394970678396e-02
  -5.8680391746079474e-02
   1.4533063617714115e-02
   1.4533063617714115e-02
   1.4533063617714115e-02
   1.4533063482249031e-02
   1.4533063617714115e-02
   1.4533063617714115e-02
   1.4533063617714115e-02
   1.4533049826125743e-02
   1.4533063617714115e-02
   1.4533051709657629e-02
   1.8958435427289144e-02
   1.8958436999183315e-02
   1.8958424147249187e-02
   1.8958435427289144e-02
   1.8958435427289144e-02
   1.8958435427289144e-02
   1.8958435427289144e-02
   1.8958435427289144e-02
   1.8958425570129667e-02
   1.8958433855394807e-02
  -7.5991710887355068e-02
  -7.5991698292258936e-02
  -7.5991705945562038e-02
  -7.5991710887355068e-02
  -7.5991699421390335e-02
  -7.5991706946015036e-02
  -7.5991717411526660e-02
  -7.5991687019311860e-02
  -7.5991704816430861e-02
  -7.5991716668430742e-02
  -8.1629627857672138e-02
  -8.1629627962007456e-02
  -8.1629629088726396e-02
  -8.1629627962007456e-02
  -8.1629628222845751e-02
  -8.1629635822601854e-02
  -8.1629614987965504e-02
  -8.1629635666098821e-02
  -8.1629616219019818e-02
   1.6590384899586197e-02
   1.6590396802121321e-02
   1.6590386057375395e-02
   1.6590381511642993e-02
   1.6590395644332068e-02
   1.6590404158924266e-02
   1.6590414903669859e-02
   1.6590414903669859e-02
   1.6590414903669859e-02
   6.4094258724859021e-02
   6.4095131219018442e-02
   6.4093988482899156e-02
  -7.4027347963978640e-02
  -7.4027347897844764e-02
  -7.4027347765576956e-02
  -7.4027358237066632e-02
  -7.4027347831710832e-02
  -7.4027358237066632e-02
  -7.6956015736042160e-03
  -7.6956015736042160e-03
  -7.6956015736042160e-03
  -7.6956019128074371e-03
  -7.6956019128074371e-03
  -7.6956003106651294e-03
  -7.6956111693319840e-03
  -3.1796772039359433e-02
  -3.1796789898336175e-02
  -3.1796772255685557e-02
  -3.1796761792259431e-02
  -3.1796772255685557e-02
  -3.1796789898336175e-02
  -5.4285148350566526e-02
  -5.4285137266246064e-02
  -5.4285129538836463e-02
  -5.4285137430436392e-02
  -5.4285129456741354e-02
  -5.4285141366878120e-02
  -5.4285118951951927e-02
  -2.6323907343344888e-02
  -2.6323907343344888e-02
  -2.6323922162012459e-02
  -2.6323908813236263e-02
  -2.6323910295030395e-02
  -2.6323917701412292e-02
  -2.6323910295030395e-02
  -2.6323908825139075e-02
  -2.6323910295030395e-02
  -2.6323923670927452e-02
   4.3139941616869792e-02
   4.3140283679404035e-02
  -1.6972015777670657e-02
  -1.6971998005829270e-02
  -1.6972043760974942e-02
  -1.6971994348112029e-02
  -1.6971992431328131e-02
  -1.6971955758628032e-02
  -1.6971948592964581e-02
  -1.6971949966927358e-02
  -1.6971915252360525e-02
  -7.8810790035224398e-02
  -7.8810782586114125e-02
  -7.8810793977121152e-02
  -7.8810781224324500e-02
  -7.8810793977121152e-02
  -7.8810782527672041e-02
  -7.8810769774875555e-02
  -7.8810778410449478e-02
  -7.8810778527333591e-02
  -7.8810762927807587e-02
  -7.2362821688293388e-02
  -7.2362810600753058e-02
  -7.2362809214006230e-02
  -7.2362810517541454e-02
  -7.2362801778135477e-02
  -7.2362811529836146e-02
  -2.4972779889696650e-02
  -2.4972779766174569e-02
  -2.4972758477197654e-02
  -2.4972770698045821e-02
  -2.4972758353675517e-02
  -2.4972767668848650e-02
  -2.4972770451001658e-02
  -2.4972759174482606e-02
  -2.4972749365220925e-02
  -3.6372257949850106e-02
  -3.6372258024612192e-02
  -3.6372268694861987e-02
  -3.6372258248898504e-02
  -3.6372258398422785e-02
  -3.6372258248898504e-02
  -3.6372250427972153e-02
  -3.6372261023459973e-02
   5.3154906293482462e-02
   5.3154806423009848e-02
   4.5969780434816365e-03
   4.5969765800327744e-03
   4.5969780434816365e-03
   4.5969666062054548e-03
   4.5969666062054548e-03
   4.5969744580688365e-03
   4.5969876500658868e-03
   4.5969876500658868e-03
   4.5969644842415169e-03
   4.5969876500658868e-03
   1.4141317901852912e-02
   1.4141328189204716e-02
   1.4141306121257802e-02
   1.4141349052795849e-02
  -6.0661642859721199e-02
  -6.0661654021205269e-02
  -6.0661644318571795e-02
  -6.0661655274471149e-02
  -6.0661643099570117e-02
  -6.0661638336838519e-02
   3.0713778392378877e-02
  -4.2353930677918650e-02
  -4.2353948823264487e-02
  -4.2353911390372700e-02
  -4.2353956084004885e-02
  -4.2353926771719896e-02
  -4.2353921415111739e-02
  -4.2353911390372700e-02
  -4.2353911390372700e-02
  -4.2353966758335193e-02
   1.4334988237372726e-02
   1.4334988237372726e-02
   1.4334997724584297e-02
   1.4334999839948792e-02
   1.4334996148102574e-02
   1.4334988237372726e-02
   1.4335001416430460e-02
   1.4334997724584297e-02
   1.4334999839948792e-02
   1.4334999839948792e-02
   3.0816957754995211e-02
  -9.3176240125100174e-03
  -9.3176010528078779e-03
  -9.3176353845441651e-03
  -9.3176270658867355e-03
  -9.3176017327861738e-03
  -9.3175936081853483e-03
  -9.3175761294002624e-03
  -9.3175811464810132e-03
  -9.3175667210717017e-03
  -9.3175448510391945e-03
  -5.3143847798639676e-02
  -5.3143860177094493e-02
  -5.3143860269084575e-02
  -5.3143844842101773e-02
  -5.3143858974946279e-02
  -5.3143863317613005e-02
   6.2376306723068542e-02
   6.2377352531409302e-02
   5.9061652877978710e-02
   5.9062038762278113e-02
   5.9063604178834717e-02
   5.9061766071755339e-02
   5.9061788209860855e-02
   1.0392959788485162e-01
  -7.8175066793080672e-02
  -7.8175058947924370e-02
  -7.8175051865810363e-02
  -7.8175053702854436e-02
  -7.8175075623751811e-02
  -4.6841049214952468e-02
  -4.6841041494234237e-02
  -4.6841041494234237e-02
  -4.6841040939979817e-02
  -4.6841053655936549e-02
  -4.6841049492079678e-02
  -4.6841041217106971e-02
  -4.6841052850937204e-02
   7.0056476986269378e-03
   7.0056476986269378e-03
   7.0056393683888829e-03
   7.0056465969293158e-03
   7.0056600726685070e-03
   7.0056353245850356e-03
   7.0056600726685070e-03
   7.0056476986269378e-03
   7.0056368561862148e-03
   7.0056461670259251e-03
   4.6936674411297397e-02
   3.3571162214314110e-02
   3.3571001027934089e-02
   2.7688948585363415e-02
   2.7689189557275506e-02
   8.2543433990339699e-04
   8.2543421963804375e-04
   8.2543409937269052e-04
   8.2543385884198406e-04
   8.2543397910739280e-04
   8.2543361831122208e-04
   8.2542118819439736e-04
   8.2543532512180384e-04
  -1.5457857275305908e-02
  -1.5457878866239061e-02
  -1.5457857275305908e-02
  -1.5457877681297805e-02
  -1.5457874869424515e-02
  -1.5457854463433340e-02
  -1.5457886088490025e-02
  -1.5457847241181988e-02
  -1.5457815210916714e-02
  -1.5457825650248669e-02
  -6.1744130642516382e-02
  -6.1744139172414059e-02
  -6.1744130642516382e-02
  -6.1744117785747843e-02
  -6.1744138124225301e-02
  -6.1744125948876127e-02
  -6.1744120972736960e-02
  -6.1744119017321630e-02
  -6.1744114722601495e-02
  -6.1744094666623617e-02
  -5.5158074345983799e-02
  -5.5158081431342265e-02
  -5.5158073346714465e-02
  -5.5158075091341574e-02
  -5.5158063738647511e-02
  -5.5158077021589924e-02
  -5.5158087544289358e-02
  -5.5158107579937443e-02
  -5.9347182354944850e-02
  -5.9347157134271522e-02
  -5.9347211887589402e-02
  -5.9347050487949859e-02
  -5.9347019746610774e-02
  -5.9346911891585807e-02
   1.5327642379719780e-01
   5.9691125640556342e-03
   5.9691125640556342e-03
   5.9691125640556342e-03
   5.9691331756814847e-03
   5.9691241107565629e-03
   5.9691346289835190e-03
   5.9690896166960661e-03
   5.9691024706574614e-03
   5.9691447223821914e-03
   5.9690818590322769e-03
  -3.0079059013150500e-02
  -3.0079059163800215e-02
  -3.0079058862500729e-02
  -3.0079049174040806e-02
  -3.0079059615749582e-02
  -3.0079060276628433e-02
  -3.0079063533014372e-02
  -3.0079072409945506e-02
  -3.0079068040731294e-02
  -3.0079052442099241e-02
   2.8132584104288760e-02
   2.8132544605166676e-02
   1.7981257194872641e-01
   7.4910692971207005e-02
   7.4910106329203252e-02
   7.4909885895313166e-02
   7.4913258916763203e-02
   7.4914783268682006e-02
   7.4909698332761843e-02
   7.4909076338252334e-02
   4.0457971251551150e-02
   4.0458791135108862e-02
   4.0458176951983782e-02
   4.0458045024315603e-02
   4.7286613483332629e-02
  -5.5052481532849806e-02
  -5.5052493305167149e-02
  -5.5052479383595643e-02
  -5.5052434977304165e-02
  -5.5052436077880462e-02
  -5.5052424305562897e-02
  -5.5052474542181651e-02
  -5.5052559130790990e-02
   2.6745489490159202e-03
   2.6745217388688958e-03
   2.6745269687923345e-03
   2.6745257661778821e-03
   2.6745197818733857e-03
   2.6744925717263612e-03
   2.6744867007473250e-03
   2.6744523036863477e-03
   2.5451986352494238e-02
   2.5451999549444659e-02
   2.5451999399025871e-02
   2.5451999399025871e-02
   2.5451999399025871e-02
   2.5451999248606971e-02
   2.5451999098188238e-02
   2.5451999098188238e-02
   2.5451999699863503e-02
   2.5451999248606971e-02
  -8.2169821550243272e-02
  -8.2169829105734671e-02
  -8.2169821733985682e-02
  -8.2169821596178916e-02
  -8.2169826908036425e-02
  -8.2169847640260862e-02
   2.4267575539491992e-02
   2.4267575539491992e-02
   2.4267575539491992e-02
   2.4267575539491992e-02
   2.4267589357692354e-02
   2.4267589357692354e-02
   2.4267587570735882e-02
   2.4267589357692354e-02
   2.4267587570735882e-02
   2.4267587570735882e-02
  -3.2350568499291299e-02
  -3.2350568923727341e-02
  -3.2350570298082915e-02
  -3.2350568923727341e-02
  -3.2350583931971433e-02
  -3.2350579343623953e-02
  -3.2350570085864894e-02
  -3.2350554440966850e-02
  -3.2350571778547721e-02
  -3.2350573618183609e-02
   4.1510474959092380e-02
  -7.9754117457106477e-03
  -7.9754117457106477e-03
  -7.9754117457106477e-03
  -7.9754209094761164e-03
  -7.9754117457106477e-03
  -7.9754117457106477e-03
  -7.9754000379733125e-03
  -7.9754000379733125e-03
  -7.9754000379733125e-03
   5.5208537679836078e-02
  -6.5425369192284089e-02
  -6.5425379680194518e-02
  -6.5425357701364373e-02
  -6.5425366416452468e-02
   3.6722660897378023e-02
  -3.3040991847468393e-02
  -3.3040991847468393e-02
  -3.3040983941814372e-02
  -3.3040992164656058e-02
  -3.3040973078981295e-02
  -3.3041000070309856e-02
  -3.3040951353315695e-02
  -3.3040956618979433e-02
  -9.7525589098386545e-02
  -9.7525583675915628e-02
  -9.7525581828193542e-02
  -9.7525576448307977e-02
  -9.7525583846257285e-02
  -9.7525564340443044e-02
  -9.7525574259902437e-02
  -9.7525558963799663e-02
  -9.7525614023429130e-02
  -6.7640170040841552e-02
  -6.7640169904808922e-02
  -6.7640168732568118e-02
  -6.7640162125289505e-02
  -6.7640168800584433e-02
  -6.7640168936617007e-02
  -6.7640162057273245e-02
  -6.7640172209489036e-02
  -3.9433237644372399e-02
  -3.9433237773046970e-02
  -3.9433236899818314e-02
  -3.9433228806841414e-02
  -3.9433228678166898e-02
  -3.9433224313957183e-02
  -3.9433228549492438e-02
  -3.9433250230233641e-02
  -3.9433228549492438e-02
  -3.9433241521377116e-02
  -3.3468314641294572e-02
  -3.3468314889022799e-02
  -3.3468315012886940e-02
  -3.3468316473174275e-02
  -3.3468316225446049e-02
  -3.3468324721152687e-02
  -3.3468303394853849e-02
  -3.3468335745947375e-02
  -3.3468335745947375e-02
  -3.3468318604587488e-02
  -7.5165005437017984e-02
  -7.5164991491084854e-02
  -7.5164999832058821e-02
  -7.5164991523601565e-02
  -7.5165006882109642e-02
  -7.5164991718701835e-02
  -7.5164987526317950e-02
  -7.5165003926893015e-02
  -7.5164988678759370e-02
  -2.1758589998669142e-02
  -2.1758578650164950e-02
  -2.1758589998669142e-02
  -2.1758580285555940e-02
  -2.1758578650164950e-02
  -2.1758587469970447e-02
  -2.1758570131615584e-02
  -2.1758567301661036e-02
  -2.1758582674683891e-02
  -8.1840377746666970e-04
  -8.1840377746666970e-04
  -8.1838974023717981e-04
  -8.1839143325723729e-04
  -8.1838974023717981e-04
  -8.1838974023717981e-04
  -8.1838143693274690e-04
  -8.1840126599730390e-04
  -8.1838143693274690e-04
  -8.1841612167643518e-04
  -3.1223625600545701e-02
  -3.1223635533757954e-02
  -3.1223625782360598e-02
  -3.1223634476194639e-02
  -3.1223634658009591e-02
  -3.1223613778068204e-02
  -3.1223638571494128e-02
  -3.1223610740332530e-02
  -8.4607014582223750e-02
  -8.4607007804832379e-02
  -8.4607025581974221e-02
  -8.4607008755780866e-02
  -8.4607003869944797e-02
  -8.4607000854957815e-02
  -8.4607022828004974e-02
