   1.2302099794285391e-01
   1.2302098235582271e-01
   1.2302100240843744e-01
   1.2302097341471505e-01
   1.2302097361206420e-01
   1.2302101159557298e-01
   1.2302097095910529e-01
   1.2302100537365825e-01
   1.2302095759159520e-01
   1.2302095077989279e-01
   1.1724452164123164e-01
   1.1724450409166427e-01
   1.1724451656189563e-01
   1.1724449891785313e-01
   1.1724450353449981e-01
   1.1724453698721535e-01
   1.1724449735755198e-01
   1.1724454898125566e-01
   1.1724455873122139e-01
   1.1724446898741007e-01
   9.9427488282977664e-02
   9.9427523392976475e-02
   1.0596601640747691e-01
   1.1767823304734273e-01
   1.1767823213918682e-01
   1.1767822795285186e-01
   1.1767822773574108e-01
   1.1767822635365070e-01
   1.1767823322209806e-01
   1.1767822464065135e-01
   1.1767821519076145e-01
   1.1767820896885066e-01
   1.1767820981833339e-01
   9.6363211701850568e-02
   9.6363220632751878e-02
   9.6363229331391853e-02
   9.6363208414083315e-02
   9.6363233545406407e-02
   9.6363199060444688e-02
   9.6363196649150759e-02
   9.6363241688682141e-02
   9.6363279806720520e-02
   9.6363294098718855e-02
   1.0192347214378705e-01
   1.2520795619044112e-01
   1.2520757414826872e-01
   9.5840079668892783e-02
   1.0027390220666947e-01
   1.2852910549061314e-01
   1.2852909687145084e-01
   1.2852908934246002e-01
   1.2852907990181561e-01
   1.2852907644239658e-01
   1.2852907814930972e-01
   1.2852911213947024e-01
   1.2852907956076431e-01
   1.2852911596841840e-01
   1.2852911872554820e-01
   9.7261210678762894e-02
   9.8871658054445061e-02
   8.1372779277928950e-02
   1.0196428588504626e-01
   9.8035083861239894e-02
   1.1728946604646524e-01
   1.1115786534029672e-01
   1.1115785891511493e-01
   1.1115786788530915e-01
   1.1115785220902138e-01
   1.1115785234731301e-01
   1.1115784577951113e-01
   1.1115784564752811e-01
   1.1115791117229473e-01
   1.1115795904386379e-01
   1.1115771507578176e-01
   1.0328109614115630e-01
   1.0328109855985740e-01
   1.0328110186524282e-01
   1.0328110397949200e-01
   1.0328109643567496e-01
   1.0328109929941945e-01
   1.0328109085898471e-01
   1.0328109070845994e-01
   1.0328110397636353e-01
   1.0328105287499971e-01
   1.0368186910550357e-01
   8.9155661413541767e-02
   8.9155669360987233e-02
   8.9155673110112396e-02
   8.9155677561230245e-02
   8.9155681047317123e-02
   8.9155693321218643e-02
   8.9155689531079066e-02
   8.9155689257800458e-02
   8.9155623761757702e-02
   8.9155696754431898e-02
   8.9162031145237450e-02
   9.5392520132147024e-02
   9.5739828796316456e-02
   1.0495161999651537e-01
   1.3924813946091252e-01
   1.3924845941553607e-01
   1.1715445241450813e-01
   1.1116072465261644e-01
   9.8484763162603239e-02
   9.8484764281992473e-02
   9.8484765087217679e-02
   9.8484773239841408e-02
   9.8484749117452738e-02
   9.8484746962773442e-02
   9.8484776619327669e-02
   9.8484783650736554e-02
   9.8484773592992708e-02
   9.8484745057650619e-02
   1.0660498108335008e-01
   1.0660497749524750e-01
   1.0660498610094703e-01
   1.0660497899226423e-01
   1.0660496932635781e-01
   1.0660498589735373e-01
   1.0660497312436247e-01
   1.0660498821534869e-01
   1.0660499071135711e-01
   1.0660504368633704e-01
   1.0741060575369325e-01
   1.0741059653691556e-01
   1.0741060154474252e-01
   1.0741059978401309e-01
   1.0741060107892039e-01
   1.0741060528787122e-01
   1.0741060441491974e-01
   1.0741059586752916e-01
   1.0741063159942983e-01
   1.0741066628231746e-01
   7.7872083944589374e-02
   7.7872125517787147e-02
   7.7872110914505965e-02
   7.7872149830789203e-02
   7.7872162965729186e-02
   7.7872172768703785e-02
   7.7872045569315429e-02
   7.7872188881103144e-02
   7.7872015967395583e-02
   7.7872192751595348e-02
   8.6584151273268656e-02
   8.4926072012980858e-02
   1.3178341309025332e-01
   9.2528081021808761e-02
   9.9497195039996142e-02
   9.9497205278185855e-02
   9.9497169264814930e-02
   9.9497192386782160e-02
   9.9497193232407632e-02
   9.9497080946014213e-02
   9.9497182225792680e-02
   9.9496971764729381e-02
   9.9497338347891873e-02
   9.9497490709147471e-02
   1.1431103909143880e-01
   1.1431103647116152e-01
   1.1431103108168320e-01
   1.1431103544893581e-01
   1.1431103378326748e-01
   1.1431103557753285e-01
   1.1431102736168432e-01
   1.1431103093784133e-01
   1.1431102894195030e-01
   1.1431101083516584e-01
   1.1325470343049474e-01
   1.1325470492872990e-01
   1.1325470208820584e-01
   9.4386395261281272e-02
   9.4386462173858182e-02
   9.8243842861011038e-02
   1.0522036184874851e-01
   1.1166754287110954e-01
   1.1166754255489167e-01
   1.1166754386191398e-01
   1.1166754188030507e-01
   1.1166753417774747e-01
   1.1166753386152951e-01
   1.1166754662403092e-01
   1.1166753894833982e-01
   1.1166753117846753e-01
   1.1166755792140107e-01
   8.7616141736474515e-02
   1.0163955541393713e-01
   1.0032782560277738e-01
   1.1399532895213865e-01
   1.1399532378278976e-01
   1.1399532562613987e-01
   1.1399533916013435e-01
   1.1399532362073422e-01
   1.1399532560914748e-01
   1.1399531470458281e-01
   1.1399533176516652e-01
   1.1399532235306245e-01
   1.1399530171228150e-01
   1.0275036046440320e-01
   1.0275035862318847e-01
   1.0275035847573996e-01
   1.0275035451420912e-01
   1.0275036368869098e-01
   1.0275033926579186e-01
   1.0275039320434771e-01
   1.0275032438656838e-01
   1.0275031987041459e-01
   1.0275037415352067e-01
   8.8173029026512209e-02
   9.6162680903725539e-02
   1.2866861895472850e-01
   1.2866862069955715e-01
   1.2866862777976332e-01
   1.2866861856491640e-01
   1.2866861355134560e-01
   1.2866861030749668e-01
   1.2866861007858782e-01
   1.2866861173051833e-01
   1.2866861784552056e-01
   1.2866862786488467e-01
   1.1339106339726525e-01
   7.2844859508249524e-02
   9.4055795988435248e-02
   1.0660603264235016e-01
   1.0660603060140676e-01
   1.0660602974587734e-01
   1.0660603300045277e-01
   1.0660603229296070e-01
   1.0660602421743248e-01
   1.0660603794658211e-01
   1.0660603660441752e-01
   1.0660604072659187e-01
   1.0660605002006493e-01
   1.2048637010200594e-01
   1.2048637592709663e-01
   1.2048636423987752e-01
   1.2048636749328787e-01
   1.2048635705275747e-01
   1.2048637986080585e-01
   1.2048636420395130e-01
   1.2048635482027452e-01
   1.2048635421716659e-01
   1.2048636654987013e-01
   1.0523583711581647e-01
   1.0523583598907363e-01
   1.0523583965378652e-01
   1.0523583153780582e-01
   1.0523583451321403e-01
   1.0523583020619892e-01
   1.0523583680764291e-01
   1.0523584799165751e-01
   1.0523583528213915e-01
   1.0523586084542812e-01
   1.0471111278246624e-01
   1.0471111273642933e-01
   1.0471110485407419e-01
   1.0471110893534750e-01
   1.0471111524336700e-01
   1.0471110288753563e-01
   1.0471109764775451e-01
   1.0471110529517748e-01
   1.0471109917876119e-01
   1.0471109650459261e-01
   1.0298657214335435e-01
   9.5798773348922325e-02
   9.5798761491233106e-02
   9.5798781865835111e-02
   9.5798781683792092e-02
   9.5798772701865709e-02
   9.5798790306355464e-02
   9.5798793395272308e-02
   9.5798782852442019e-02
   9.5798797509500752e-02
   9.5798740611058558e-02
   9.9946462367053387e-02
   1.0667497682847005e-01
   1.0667495914874880e-01
   1.0987426039528637e-01
   1.0892732370710259e-01
   1.0892733703044859e-01
   8.8175540426453924e-02
   1.2600210223826441e-01
   9.6045857320937483e-02
   9.2574140245289052e-02
   1.0089491301005787e-01
   1.0089490627658362e-01
   1.0089490877777157e-01
   1.0089490570464542e-01
   1.0089487908585387e-01
   1.0089487842952224e-01
   1.0089488137773268e-01
   1.0089486120896164e-01
   1.0089483537124445e-01
   1.0089489870336378e-01
   1.2377757040486370e-01
   1.2377754678850897e-01
   1.2377754920573288e-01
   1.2377753781073751e-01
   1.2377758967711970e-01
   1.2377758780687997e-01
   1.2377750852337499e-01
   1.2377761486103088e-01
   1.2377748334309444e-01
   1.2377778320179725e-01
   8.4912000976444774e-02
   8.7754213623590774e-02
   8.7754197980585522e-02
   8.7754183085474807e-02
   8.7754191985286514e-02
   8.7754236836086630e-02
   8.7754244849120450e-02
   8.7754280058303283e-02
   8.7754305973334945e-02
   8.7754202105640403e-02
   8.7754319266751313e-02
   1.0059800903491395e-01
   1.1229786011421369e-01
   9.8054523884712252e-02
   1.1824191066073586e-01
   1.4019452810717287e-01
   1.4019453269820550e-01
   1.4019452351614017e-01
   1.4019452110522682e-01
   1.4019453173956523e-01
   1.4019451016866927e-01
   1.4019452479416966e-01
   1.4019450968763797e-01
   1.4019449815006305e-01
   1.4019452097839963e-01
   1.0580148760904608e-01
   9.6331651928724338e-02
   9.6331101994888785e-02
   1.0142423202279464e-01
   9.2176544451791062e-02
   1.4106184358831347e-01
   1.4106193884219106e-01
   1.4106194743873945e-01
   1.4106163898784721e-01
   1.4106151567428885e-01
   1.4106150048922755e-01
   1.4106137274178826e-01
   1.4106137233276109e-01
   1.4106134003998036e-01
   1.4106151537860612e-01
   8.8345692784322208e-02
   8.8345662884344991e-02
   8.8345649556205746e-02
   8.8345722157206361e-02
   8.8345732734593674e-02
   8.8345732141424452e-02
   8.8345719880875181e-02
   8.8345752422902379e-02
   8.8345722473429561e-02
   8.8345773725760510e-02
   8.3620222619351217e-02
   8.3620279551310836e-02
   1.1080997534202824e-01
   1.1080995902152016e-01
   1.1080995090421000e-01
   1.1080994630680976e-01
   1.1080994339867692e-01
   1.1080995032017554e-01
   1.1080996380007919e-01
   1.1080995279768820e-01
   1.1080998483161962e-01
   1.1080986003934183e-01
   1.2105450474077470e-01
   1.2105450340034309e-01
   1.2105450378916047e-01
   1.2105451577006610e-01
   1.2105452649235053e-01
   1.2105450248016758e-01
   1.2105453132827622e-01
   1.2105453859751714e-01
   1.2105452607776537e-01
   1.2105455446839930e-01
   1.0718387775677095e-01
   1.0551241894923240e-01
   8.8276635218171751e-02
   9.4275642619935443e-02
   9.4275629827083207e-02
   9.4275628286319357e-02
   9.4275709641511121e-02
   9.4275697418461812e-02
   9.9581825947762909e-02
   1.3176652643816594e-01
   1.3176656362634540e-01
   1.3176659896880305e-01
   1.3176630389883776e-01
   1.3176627472584490e-01
   1.3176672060189992e-01
   1.3176641675310669e-01
   1.3176680827202369e-01
   1.3176563272793435e-01
   1.3176559043997932e-01
   8.6172221295857984e-02
   1.1239752899488621e-01
   1.1239751406904919e-01
   1.1239750967831258e-01
   1.1239751791118407e-01
   1.1239753363591755e-01
   1.1239756014957762e-01
   1.1239749968135233e-01
   1.1239756759401967e-01
   1.1239748011448608e-01
   1.1239724721972323e-01
   1.2077533571246098e-01
   1.2077533794321640e-01
   1.2077533390141029e-01
   1.2077532921246917e-01
   1.2077532926843386e-01
   1.2077532443741114e-01
   1.2077531780966683e-01
   1.2077534861224183e-01
   1.2077531474079319e-01
   1.2077530739148369e-01
   9.4408958144419547e-02
   9.4409154252305311e-02
   9.4409082162309560e-02
   1.0440726375746423e-01
   1.0440723721228327e-01
   1.0440722517957420e-01
   1.0440723023543490e-01
   1.0440721389829992e-01
   1.0440728315237927e-01
   1.0440729987485779e-01
   1.0440720507752012e-01
   1.0440730368408208e-01
   1.0440721284728201e-01
   1.0124705138822745e-01
   1.2672351604521578e-01
   1.2672351008802127e-01
   1.2672351585678021e-01
   1.2672351929518064e-01
   1.2672354376230793e-01
   1.2672354605875435e-01
   1.2672350047766334e-01
   1.2672344243377792e-01
   1.2672351285077074e-01
   1.2672345701269710e-01
   9.3996227389877562e-02
   9.3078219452496030e-02
   9.6327364349807654e-02
   1.0177714374503802e-01
   8.5272527866091852e-02
   8.3792553423468710e-02
   8.3792660304014874e-02
   8.3793043489717625e-02
   8.8372922456658662e-02
   1.0155761075942311e-01
   8.8256126070276525e-02
   9.1710647707478610e-02
   9.2674729822934954e-02
   9.2674775309432800e-02
   9.2674950164671449e-02
   8.3066591218080091e-02
   8.3066612938072701e-02
   8.3066572179507900e-02
   8.3066621146089800e-02
   8.3066633077897217e-02
   8.3066629479598864e-02
   8.3066641439175568e-02
   8.3066625363381760e-02
   8.3066509893216775e-02
   8.3066757031470539e-02
   1.2084969107287262e-01
   1.2084945710172149e-01
   1.2084963690058360e-01
   1.2084929423237437e-01
   1.2084919008498453e-01
   1.2084916603310150e-01
   1.2084962694318883e-01
   1.2084893759321597e-01
   1.2420482966323988e-01
   1.2420482829252773e-01
   1.2420483464077200e-01
   1.2420481786612324e-01
   1.2420481814865361e-01
   1.2420480426260831e-01
   1.2420480604311609e-01
   1.2420480173799502e-01
   1.2420482489692980e-01
   1.2420482268800349e-01
   8.7592924181489645e-02
   9.5795358302018171e-02
   9.5795350480022121e-02
   9.5795363893842425e-02
   9.5795363704426650e-02
   9.5795351604188242e-02
   9.5795362877964030e-02
   9.5795381718285236e-02
   9.5795376720718015e-02
   9.5795381718285236e-02
   9.5795303358244113e-02
   9.6160923406611531e-02
   1.0038600620347826e-01
   1.0038599695529747e-01
   9.7415795149362328e-02
   1.1571310143431322e-01
   1.0324992059675518e-01
   1.0723852994059767e-01
   1.0723853040044698e-01
   1.0723852696921297e-01
   1.0723853402429001e-01
   1.0723856110840731e-01
   1.0723855919532048e-01
   1.0723852033508714e-01
   1.0723854168461285e-01
   1.0723850375087435e-01
   1.0723865427476950e-01
   1.3429997943318425e-01
   1.3429997720154574e-01
   1.3429997198459667e-01
   1.3430000443581189e-01
   1.3430001386339210e-01
   1.3429996802660810e-01
   1.3429998189851658e-01
   1.3429996453600984e-01
   1.3429997470257435e-01
   1.3430009114504451e-01
   8.3050273075335884e-02
   8.3050408635477330e-02
   1.1814614367626886e-01
   8.9170674334770536e-02
   8.9170757186183933e-02
   8.2210541145654167e-02
   9.5348852364382231e-02
   1.2692534821417853e-01
   1.2692534186737442e-01
   1.2692534587109874e-01
   1.2692533849864385e-01
   1.2692534467173175e-01
   1.2692533500299369e-01
   1.2692533685635929e-01
   1.2692535739288346e-01
   1.2692536794810025e-01
   1.2692531965602469e-01
   1.2294799066564276e-01
   1.2294798190829191e-01
   1.0411415979508289e-01
   1.0411416401865788e-01
   1.0411415856777398e-01
   1.0411415036722078e-01
   1.0411414874178193e-01
   1.0411414808904036e-01
   1.0411416244167375e-01
   1.0411419576999895e-01
   1.0411416019321283e-01
   1.0411415971690904e-01
   1.0333231254338426e-01
   8.9462412263561539e-02
   1.1441030074022346e-01
   9.5072718381809362e-02
   8.2508020358151968e-02
   1.1859036182444753e-01
   1.3995626353646706e-01
   1.3995625972231648e-01
   1.3995625278398746e-01
   1.3995625294471700e-01
   1.3995625142149762e-01
   1.3995625391474645e-01
   1.3995627301574037e-01
   1.3995626492312049e-01
   1.3995626936231986e-01
   1.3995617376677105e-01
   1.1212765790950152e-01
   1.1212766139500099e-01
   1.1212765067122463e-01
   1.1212764921444403e-01
   1.1212765219306531e-01
   1.1212765615484732e-01
   1.1212763982825057e-01
   1.1212766384079041e-01
   1.1212767240813909e-01
   1.1212762048872110e-01
   1.0165491307544899e-01
   1.0165491346618126e-01
   1.0165490798606486e-01
   1.0165490414558147e-01
   1.0165490703411477e-01
   1.0165489277864219e-01
   1.0165492345849080e-01
   1.0165493772919840e-01
   1.0165488278633319e-01
   1.0165478921605488e-01
   1.1770469769441384e-01
   9.1426104186951754e-02
   1.4829180408008091e-01
   1.4829181206189357e-01
   1.4829179163929654e-01
   1.4829181605260355e-01
   1.4829180704484449e-01
   1.4829177103627672e-01
   1.4829177393761392e-01
   1.4829176116276899e-01
   1.4829176160385166e-01
   1.4829176021666579e-01
   8.0345449385461690e-02
   9.5841756219428517e-02
   9.5841767088112872e-02
   9.5841764945489197e-02
   9.5841770211688854e-02
   9.5841772690597390e-02
   9.5841778047288426e-02
   9.5841742799975885e-02
   9.5841786446333219e-02
   9.5841739458510031e-02
   9.5841795443606159e-02
   9.1268288933993483e-02
   9.1268292610511392e-02
   9.1268292146298460e-02
   9.1268293842394627e-02
   9.1268280696990001e-02
   9.1268310053350329e-02
   9.1268317098548699e-02
   9.1268327170224026e-02
   9.1268326015571236e-02
   9.1268411645714947e-02
   1.1662951182086467e-01
   1.1987430918731663e-01
   1.1987430936415969e-01
   1.1987431424566193e-01
   1.1987431947790751e-01
   1.1987430662041310e-01
   1.1987430386738492e-01
   1.1987432274629822e-01
   1.1987430439497163e-01
   1.1987433732756377e-01
   1.1987425941302529e-01
   1.2995910101587091e-01
   1.2995908371464504e-01
   1.2995911235681068e-01
   1.2995909738149433e-01
   1.2995909011274168e-01
   1.2995907330094916e-01
   1.2995912353294925e-01
   1.2995910273955080e-01
   1.2995906734525040e-01
   1.2995905393781959e-01
   1.1507113700243564e-01
   9.5753480763535362e-02
   9.2203829622725067e-02
   1.0993067676723295e-01
   1.1435080989401905e-01
   8.7665918291552014e-02
   1.1286414405157438e-01
   1.1286414163521079e-01
   1.1286413834873660e-01
   1.1286413695712097e-01
   1.1286413506862746e-01
   1.1286413911847444e-01
   1.1286413596525394e-01
   1.1286412854067379e-01
   1.1286412858103463e-01
   1.1286412361159320e-01
   1.3318967863890838e-01
   1.3318967179458613e-01
   1.3318966556160791e-01
   1.3318965788923076e-01
   1.3318966104056282e-01
   1.3318964820539284e-01
   1.3318964182611465e-01
   1.3318963301065798e-01
   1.3318965419518958e-01
   1.3318967139817309e-01
   1.2869749201696964e-01
   1.2869756520126588e-01
   1.5601512840643580e-01
   1.5601513071560016e-01
   1.5601511877885943e-01
   1.5601513380560111e-01
   1.5601511967632578e-01
   1.5601512616859900e-01
   1.5601511775477220e-01
   1.5601513908606895e-01
   1.5601509337728733e-01
   1.5601507803827472e-01
   1.2231477565106277e-01
   1.3692093597378258e-01
   1.3692092614978812e-01
   1.3692093070768988e-01
   1.3692092296128264e-01
   1.3692093050145848e-01
   1.3692092862982694e-01
   1.3692095627936041e-01
   1.3692093791962270e-01
   1.3692095871132057e-01
   1.3692101129409762e-01
   1.0591574993934283e-01
   1.0315500702854465e-01
   1.0315501627330048e-01
   1.0315500702854465e-01
   1.0315499285240388e-01
   1.0315503943540180e-01
   1.0315501470294768e-01
   1.0315507092855475e-01
   1.0315497945140788e-01
   1.0315504471776588e-01
   1.0315504542920460e-01
   9.4159886195208153e-02
   9.4159883905298031e-02
   9.4159875326347162e-02
   9.4159880555777439e-02
   9.4159909551522647e-02
   9.4159916818885053e-02
   9.4159862864267654e-02
   9.4159910606380848e-02
   9.4159870318934358e-02
   9.4159889834824081e-02
   9.6181433334744756e-02
   1.1099281028612482e-01
   1.1099281309774042e-01
   1.1099280447381470e-01
   1.1099280543917449e-01
   1.1099281731448694e-01
   1.1099281622378103e-01
   1.1099281107225453e-01
   1.1099279911337773e-01
   1.1099279923872377e-01
   1.1099280783296991e-01
   1.1335546625848830e-01
   1.2149819058249281e-01
   1.2149820107680115e-01
   1.2149818754682799e-01
   1.2149819740204583e-01
   1.2149817974670016e-01
   1.2149819165026128e-01
   1.2149818975831729e-01
   1.2149817862491843e-01
   1.2149817529164700e-01
   1.2149821611109417e-01
   1.0415643393133139e-01
   1.0415643847648808e-01
   1.0415643033640877e-01
   1.0415643975629212e-01
   1.0415644947203137e-01
   1.0415643012325200e-01
   1.0415644545317571e-01
   1.0415642611844059e-01
   1.0415641310363488e-01
   1.0415639439432134e-01
   9.0046592824679847e-02
   9.0046598891624918e-02
   9.0046612405541904e-02
   9.0046592710382053e-02
   9.0046615726167276e-02
   9.0046613699081984e-02
   9.0046574850195030e-02
   9.0046631715688705e-02
   9.0046638242642751e-02
   9.0046643130347229e-02
   9.8492199978771441e-02
   8.7716293192093883e-02
   1.2001310719454442e-01
   1.2001311194042687e-01
   1.2001310959645342e-01
   1.2001310659746864e-01
   1.2001311454055590e-01
   1.2001310965277867e-01
   1.2001310165256082e-01
   1.2001309524373972e-01
   1.2001312190211995e-01
   1.2001309659339209e-01
   1.0686132136125374e-01
   1.0686148912531061e-01
   1.2420868835215476e-01
   1.3466905761621131e-01
   1.3466904480894351e-01
   1.3466902670554076e-01
   1.3466904515913636e-01
   1.3466912722802885e-01
   1.3466908111885767e-01
   1.3466898583687259e-01
   1.3466897613288101e-01
   1.3466914676687267e-01
   1.3466922184921601e-01
   1.1094087568609813e-01
   1.1094091661786090e-01
   1.1094101304185755e-01
   1.4126740433645571e-01
   1.4126741132852891e-01
   1.4126740186282577e-01
   1.4126739246576256e-01
   1.4126740194101425e-01
   1.4126739898578478e-01
   1.4126739031104993e-01
   1.4126737922266724e-01
   1.4126741055760003e-01
   1.4126742571608963e-01
   1.3783335815177666e-01
   1.3783339848953741e-01
   1.3783335682781545e-01
   1.3783351146372538e-01
   1.3783310927868905e-01
   1.3783308859144791e-01
   1.3783301510127982e-01
   1.3783299153429915e-01
   1.3783302872272951e-01
   1.3783386930037014e-01
   1.1116001584456181e-01
   1.1116000798655953e-01
   1.1116000261915265e-01
   1.1116001539824286e-01
   1.1116002082575244e-01
   1.1116001750262232e-01
   1.1116000178661810e-01
   1.1116002900986804e-01
   1.1116003935846494e-01
   1.1115998850110383e-01
   1.2411061020466824e-01
   9.9236926944120160e-02
   1.2235522771162466e-01
   1.2235522762319209e-01
   1.2235522539311747e-01
   1.2235522542785886e-01
   1.2235522825094564e-01
   1.2235521886006208e-01
   1.2235522765063506e-01
   1.2235521776804006e-01
   1.2235522156328299e-01
   1.2235526954555487e-01
   1.0114387865061762e-01
   1.3289853071552327e-01
   1.3289854189370362e-01
   1.3289853639172719e-01
   1.3289853895874840e-01
   1.3289850763391761e-01
   1.3289856993170296e-01
   1.3289856248736645e-01
   1.3289849942751575e-01
   1.3289849664140771e-01
   1.3289847619397738e-01
   1.0598930571999134e-01
   1.1721643960640675e-01
   1.1071377314830959e-01
   1.1071372564021915e-01
   1.1071371020108080e-01
   1.1071381421838090e-01
   1.1071372904158369e-01
   1.1071375754755493e-01
   1.1071368109383874e-01
   1.1071370747246491e-01
   1.1071362101997907e-01
   1.1071390724222256e-01
   6.1263727194809582e-02
   8.5098016522269865e-02
   1.1454633785878567e-01
   1.1454634250816857e-01
   1.1454633373920556e-01
   1.1454633494912887e-01
   1.1454633778199071e-01
   1.1454633676565035e-01
   1.1454633483234090e-01
   1.1454633355742155e-01
   1.1454633701243072e-01
   1.1454631696905535e-01
   1.1894840434117283e-01
   1.1894840195272191e-01
   1.1894840729727348e-01
   1.1894840063485546e-01
   1.1894840070326829e-01
   1.1894839989203471e-01
   1.1894839708940062e-01
   1.1894840906027287e-01
   1.1894839289260808e-01
   1.1894839853806255e-01
   1.5202227735144427e-01
   1.5202227927374268e-01
   1.5202227036048227e-01
   1.5202227951303682e-01
   1.5202228777116308e-01
   1.5202227019479414e-01
   1.5202226219388232e-01
   1.5202226827249593e-01
   1.5202229338476211e-01
   1.5202234823252370e-01
   1.0208829020939969e-01
   1.0629796036404383e-01
   7.8920680472126650e-02
   1.1617783890431932e-01
   1.1617784098407645e-01
   1.1617783019469881e-01
   1.1617783067739462e-01
   1.1617783652016980e-01
   1.1617782898693076e-01
   1.1617782657550997e-01
   1.1617782657550997e-01
   1.1617782305075247e-01
   1.1617783703322387e-01
   8.5069946764768922e-02
   9.9042982212521530e-02
   1.2240097812599347e-01
   1.1829086418005809e-01
   1.1829079308893378e-01
   1.1829082412660195e-01
   1.1829088617426950e-01
   1.1829079225785018e-01
   1.1829090253757313e-01
   1.1829088064980769e-01
   1.1829086183122497e-01
   1.1829071129384805e-01
   1.1829103315540558e-01
   1.0150464287764367e-01
   1.2423561360906510e-01
   1.2423562325796289e-01
   1.2423560887258225e-01
   1.2423560526227012e-01
   1.2423560744563938e-01
   1.2423563429964783e-01
   1.2423560802546911e-01
   1.2423561612258389e-01
   1.2423560984214721e-01
   1.2423565690393804e-01
   1.2078525368915209e-01
   1.2078525932742445e-01
   1.2078526295728401e-01
   1.2078524247062201e-01
   1.2078530216667221e-01
   1.2078531336178792e-01
   1.2078518635290200e-01
   1.2078518890022083e-01
   1.2078521020793738e-01
   1.2078545359078832e-01
   7.7534233628608298e-02
   7.7534218625819024e-02
   7.7534288085317829e-02
   7.7534293399826371e-02
   7.7534316354979774e-02
   7.7534328385533410e-02
   7.7534132868655806e-02
   7.7534346133861953e-02
   7.7534361635310814e-02
   7.7534100509506515e-02
   1.1442417477185393e-01
   1.1442416693428155e-01
   1.1442416924676199e-01
   1.1442416675028681e-01
   1.1442416661751893e-01
   1.1442417875908975e-01
   1.1442416200717979e-01
   1.1442416107780488e-01
   1.1442416700120066e-01
   1.1442415755472159e-01
   8.2933517397452527e-02
   1.0553995727601255e-01
   1.0553992660172481e-01
   1.0553994241244381e-01
   1.0553992486687944e-01
   1.0553992324813026e-01
   1.0553992616932742e-01
   1.0553992810437776e-01
   1.0553993863346196e-01
   1.0553991591009243e-01
   1.0553998212191805e-01
   1.0348541634062655e-01
   1.1495425626969843e-01
   1.1495425050953928e-01
   1.1495423758549667e-01
   1.1495423245840436e-01
   1.1495423960292281e-01
   1.1495425815176233e-01
   1.1495422310137138e-01
   1.1495421799364337e-01
   1.1495429533729618e-01
   1.1495427462142456e-01
   9.2729055259804877e-02
   9.2942187674649721e-02
   9.2942699246596178e-02
   9.2941687302802001e-02
   1.2537127831067049e-01
   1.2537130077043598e-01
   1.2537128785510743e-01
   1.2537128924715468e-01
   1.2537124296305327e-01
   1.2537123275743106e-01
   1.2537123385534943e-01
   1.2537124438307379e-01
   1.2537134250181675e-01
   1.2537122334283296e-01
   1.0322116118051869e-01
   1.0874425306802836e-01
   1.2419522320403770e-01
   1.2419521136343617e-01
   1.2419521136343617e-01
   1.2419522936600597e-01
   1.2419524063536209e-01
   1.2419518595176476e-01
   1.2419518036363947e-01
   1.2419524936569368e-01
   1.2419527309425979e-01
   1.2419531480821164e-01
   9.4687399359820582e-02
   9.4687392852457863e-02
   9.4687389862746496e-02
   9.4687409131124972e-02
   9.4687397029840664e-02
   9.4687357849402090e-02
   9.4687397786648433e-02
   9.4687346953078122e-02
   9.4687393600621977e-02
   9.4687397206850210e-02
   1.0941801621300871e-01
   1.0941803833200511e-01
   8.5551537168383013e-02
   1.1246282103276697e-01
   1.0512049950155355e-01
   8.4475943583696436e-02
   1.1823980588183501e-01
   1.1823981214733595e-01
   1.1823980853822061e-01
   1.1823981245532704e-01
   1.1823980671508325e-01
   1.1823979768173962e-01
   1.1823984957390320e-01
   1.1823985063712365e-01
   1.1823988837167983e-01
   1.1823973891611832e-01
   1.0715305453858849e-01
   1.0715304794955649e-01
   1.0715306418420761e-01
   1.0715306860253430e-01
   1.0715307824815190e-01
   1.0715302464447737e-01
   1.0715304048018551e-01
   1.0715307037429722e-01
   1.0715302029481523e-01
   1.0715299052320856e-01
   1.3402150992626599e-01
   1.3402151655571243e-01
   1.3402150369454757e-01
   1.3402151146844060e-01
   1.3402150262935159e-01
   1.3402151610626545e-01
   1.3402150086863598e-01
   1.3402149249364009e-01
   1.3402151409167504e-01
   1.3402148645645479e-01
   1.1003459546762155e-01
   1.1003459316040233e-01
   1.1003459153116472e-01
   1.1003458576874459e-01
   1.1003458875534033e-01
   1.1003458971574556e-01
   1.1003460260072286e-01
   1.1003458572168219e-01
   1.1003458302138706e-01
   1.1003461483618507e-01
   1.1564569551062977e-01
   1.1564569560732570e-01
   1.1564568705195000e-01
   1.1564568765990067e-01
   1.1564568440280810e-01
   1.1564568469473702e-01
   1.1564567977279663e-01
   1.1564570429761366e-01
   1.1564571603548748e-01
   1.1564573738762225e-01
   1.4699879730921953e-01
   1.4699879762239418e-01
   1.4699879558199577e-01
   1.4699879322842263e-01
   1.4699879134749241e-01
   1.4699878678475384e-01
   1.4699881356993888e-01
   1.4699878203331285e-01
   1.4699881647057056e-01
   1.4699885608174493e-01
   1.2786478463951717e-01
   6.2221138071173417e-02
   6.2221184051845617e-02
   1.0952798742868405e-01
   1.0805235703419575e-01
   8.2467591825570521e-02
   9.8273361691629979e-02
   1.1441194656475567e-01
   1.0118217354410809e-01
   1.0118213526820662e-01
   1.0118212673735119e-01
   1.0118213135448412e-01
   1.0118212107640444e-01
   1.0118212525157567e-01
   1.0118221896462330e-01
   1.0118213203108128e-01
   1.0118227301552685e-01
   1.0118232769568226e-01
   1.0202624585769363e-01
   7.6025763493963741e-02
   1.1080449367087945e-01
   1.1080445700315272e-01
   1.1080445307325834e-01
   1.1080444603532275e-01
   1.1080444456223991e-01
   1.1080448147578047e-01
   1.1080443053727744e-01
   1.1080445792454505e-01
   1.1080442248408441e-01
   1.1080442374861579e-01
   9.1792957078150439e-02
   9.6712889806239266e-02
   1.1684578501653635e-01
   1.1684578855004979e-01
   1.1684578854381113e-01
   1.1684578418143743e-01
   1.1684577307681407e-01
   1.1684576369888935e-01
   1.1684575801866827e-01
   1.1684575906198036e-01
   1.1684581084564467e-01
   1.1684575625488119e-01
   9.6192105924354482e-02
   9.6191778573146466e-02
   1.2301388202791462e-01
   1.2301387964879215e-01
   1.2301387740985215e-01
   1.2301386938374158e-01
   1.2301387469189637e-01
   1.2301388492771274e-01
   1.2301388872792635e-01
   1.2301388931896687e-01
   1.2301388333259827e-01
   1.2301383736045532e-01
   1.0037970933789034e-01
   1.0722862269313445e-01
   8.5129507007401892e-02
   1.2029134119302923e-01
   1.1013253186919823e-01
   1.1013252143781194e-01
   1.1013254693976970e-01
   1.1013250459312153e-01
   1.1013252114171039e-01
   1.1013253189524685e-01
   1.1013246585321618e-01
   1.1013271459288369e-01
   1.1013249357771875e-01
   1.1013280533657645e-01
   1.0024061940877640e-01
   1.0755148957576140e-01
   1.0743499591377415e-01
   1.0743499530864883e-01
   1.0743500361465277e-01
   1.0743499923696162e-01
   1.0743499016373842e-01
   1.0743500511611742e-01
   1.0743499563947803e-01
   1.0743499223071409e-01
   1.0743498806107826e-01
   1.0743498015635061e-01
   1.1361700458752830e-01
   1.1361697878306244e-01
   1.1361697991270014e-01
   1.1361697783609613e-01
   1.1361705941512458e-01
   1.1361693919422373e-01
   1.1361694177827343e-01
   1.1361693566155200e-01
   1.1361667060699748e-01
   1.1361739548067394e-01
   8.3879282199311012e-02
   8.3879293606662367e-02
   8.3879302050622148e-02
   8.3879296766491779e-02
   8.3879260739330191e-02
   8.3879312252907609e-02
   8.3879292098329825e-02
   8.3879319491803148e-02
   8.3879236808949709e-02
   8.3879223163758843e-02
   8.6083893845035828e-02
   8.6083826596242197e-02
   8.6083907752337041e-02
   8.6083865330762233e-02
   8.6083929804881915e-02
   8.6083975874492472e-02
   8.6083920631672625e-02
   8.6083997663617157e-02
   8.6083435881316256e-02
   1.0591051519538169e-01
   1.0591048752886111e-01
   1.0591052559645320e-01
   1.0591054672601515e-01
   9.5428723938645502e-02
   1.0696435423680782e-01
   9.9516390767496105e-02
   9.9516394589720447e-02
   9.9516402438767179e-02
   9.9516392694880135e-02
   9.9516392694880135e-02
   9.9516397640447229e-02
   9.9516381023608672e-02
   9.9516408303078507e-02
   9.9516406227959125e-02
   9.9516418104318785e-02
   1.3163995624240696e-01
   1.3163995825962208e-01
   1.3163995099342002e-01
   1.3163996084688126e-01
   1.3163994523249020e-01
   1.3163994498101322e-01
   1.3163995919003477e-01
   1.3163996342562534e-01
   1.3163997360294336e-01
   1.3164002194816143e-01
   8.1933551842911650e-02
   1.2787945302420117e-01
   9.9393949277854637e-02
   9.9393996399497864e-02
   9.2772391948419949e-02
   1.0982364544376162e-01
   1.0982364644851741e-01
   9.6969850847897707e-02
   9.6969840710213251e-02
   9.6969828867640634e-02
   9.6969825974151908e-02
   9.6969796409188916e-02
   9.6969811125409699e-02
   9.6969839656552967e-02
   9.6969854319593041e-02
   9.6969686942433492e-02
   9.6969952378272828e-02
   1.0503015986590536e-01
   1.1227615637804250e-01
   1.1227614335731810e-01
   1.1227614335731810e-01
   1.1227617812431197e-01
   1.1227613676498126e-01
   1.1227615118622195e-01
   1.1227617890264202e-01
   1.1227616711848348e-01
   1.1227615369187294e-01
   1.1227626465427271e-01
   9.0724465266834350e-02
   9.0724463217563181e-02
   9.0724485293628435e-02
   9.0724500817814593e-02
   9.0724484761365604e-02
   9.0724506027041227e-02
   9.0724469725535759e-02
   9.0724508136171639e-02
   9.0724485474478783e-02
   9.0724506351332307e-02
   9.6650980159917577e-02
   9.8107235804461457e-02
   1.1095931440019946e-01
   1.1095930577123272e-01
   1.1095931160035387e-01
   1.1095930913513863e-01
   1.1095929856929268e-01
   1.1095930395492777e-01
   1.1095929820611997e-01
   1.1095929789471744e-01
   1.1095932115655197e-01
   1.1095921614536372e-01
   1.1696630753954128e-01
   1.1696627067498064e-01
   1.1696629220463391e-01
   1.1696644838490503e-01
   1.1696618188820983e-01
   1.1696613409424456e-01
   1.1696661094888784e-01
   1.1696646357805335e-01
   1.1696627591469257e-01
   9.0249834899168130e-02
   1.0896077663813113e-01
   1.0896082711303902e-01
   1.0896077378657960e-01
   1.0896078983603343e-01
   1.0896079552261077e-01
   1.0896076540340088e-01
   1.0896072675433253e-01
   1.0896089774162675e-01
   1.0896100135300248e-01
   1.0896075465510950e-01
   1.1121228510480978e-01
   9.5486035649029022e-02
   1.3013868893660008e-01
   1.3013867823226724e-01
   1.3013866965043178e-01
   1.3013867273360610e-01
   1.3013870037847117e-01
   1.3013864992984531e-01
   1.3013865484252851e-01
   1.3013867420868744e-01
   1.3013868042633936e-01
   1.3013871062728916e-01
   8.6694332799894594e-02
   1.0390685176512475e-01
   1.0390685560962197e-01
   1.0004605387164919e-01
   1.2661867802944130e-01
   1.2661866929112733e-01
   1.2661866609445768e-01
   1.2661868097602638e-01
   1.2661866916067546e-01
   1.2661869576697315e-01
   1.2661864533557485e-01
   1.2661863015905370e-01
   1.2661863739326384e-01
   1.2661876189681354e-01
   1.0013594114326811e-01
   8.7084951594571691e-02
   1.0556327685231306e-01
   1.0556325627729558e-01
   1.0556326235734396e-01
   1.0556325570130345e-01
   1.0556324192415258e-01
   1.0556324603084175e-01
   1.0556326009466666e-01
   1.0556324336111128e-01
   1.0556330937861194e-01
   1.0556323804442264e-01
   8.4472534071971986e-02
   8.6224008502703370e-02
   8.6224015699772741e-02
   8.6223987033108351e-02
   8.6224022693268662e-02
   8.6224025247732677e-02
   8.6223987123502058e-02
   8.6224014788651285e-02
   8.6224033958725244e-02
   8.6224043424725949e-02
   8.6223952127943274e-02
   1.0175415526773721e-01
   1.2052463802193818e-01
   1.1459233472590791e-01
   1.1020446019159230e-01
   1.1020445192665407e-01
   1.1020445415015967e-01
   1.1020446129989697e-01
   1.1020444806398200e-01
   1.1020444806240767e-01
   1.1020445693467015e-01
   1.1020445146653358e-01
   1.1020443651304843e-01
   1.1020444428659838e-01
   9.9870193160647200e-02
   8.7616235118901431e-02
   1.1767931749951777e-01
   1.1470731573605303e-01
   1.1470726435940019e-01
   1.1470727164129536e-01
   1.1470723644917390e-01
   1.1470722258665866e-01
   1.1470731402579706e-01
   1.1470716578257741e-01
   1.1470764243200662e-01
   1.1470733896686043e-01
   1.1470706219287193e-01
   1.0766449077976536e-01
   1.0766448357401943e-01
   1.0766448202133115e-01
   1.0766448975411270e-01
   1.0766448204016561e-01
   1.0766448090297506e-01
   1.0766448295978688e-01
   1.0766447226243096e-01
   1.0766448932117535e-01
   1.0766449615177588e-01
   1.1862578724794566e-01
   9.1367152359046092e-02
   1.0858072514791597e-01
   9.2089324375437223e-02
   8.0338547373511981e-02
   1.0589418112612960e-01
   1.0589416853223618e-01
   1.0589418094246236e-01
   1.0589417194960354e-01
   1.0589417446184815e-01
   1.0589417494192560e-01
   1.0589415965212112e-01
   1.0589419786303601e-01
   1.0589413874017337e-01
   1.0589413222065955e-01
   1.0257138026322858e-01
   8.8899659764401479e-02
   8.6027872486329510e-02
   8.6027864383094552e-02
   8.6027887739793585e-02
   8.6027885734144077e-02
   8.6027888807365796e-02
   8.6027905056531837e-02
   8.6027882165274336e-02
   8.6027925304354241e-02
   8.6027939414183810e-02
   8.6027811343002150e-02
   1.0287671328904613e-01
   1.1107245534497769e-01
   1.0765029947625390e-01
   8.2688591242454201e-02
   1.4118559403003475e-01
   1.4118551401689328e-01
   1.4118553273867787e-01
   1.4118545095696153e-01
   1.4118551209040495e-01
   1.4118563063390127e-01
   1.4118535272532320e-01
   1.4118532203480502e-01
   1.4118528443679096e-01
   1.4118522764929059e-01
   9.9124674266626939e-02
   9.9124673141008285e-02
   9.9124682056395935e-02
   9.9124670993857161e-02
   9.9124670993857161e-02
   9.9124694964722496e-02
   9.9124665933017997e-02
   9.9124704053976179e-02
   9.9124643434326559e-02
   9.9124609503584454e-02
   1.1078468051175053e-01
   1.0632420093088531e-01
   1.0126917341479143e-01
   9.5368711754765204e-02
