   1.2225970421381850e-01
   1.1718184080333260e-01
   1.1718144827662638e-01
   1.1718165407493647e-01
   1.1718194843493593e-01
   1.0834571028041837e-01
   1.0834570488482108e-01
   1.0834569659901648e-01
   1.0834570164183367e-01
   1.0834569984200396e-01
   1.0834569948922389e-01
   1.0834569659901648e-01
   1.0834570739021128e-01
   1.0834569910440653e-01
   1.0834571026796017e-01
   5.5959068472321537e-02
   5.5959063984190725e-02
   5.5959063149029056e-02
   5.5959069060158122e-02
   5.5959073474809350e-02
   5.5959073621768510e-02
   5.5959068151516841e-02
   6.9004557921733725e-02
   6.9004556948093557e-02
   6.9004557103579958e-02
   6.9004557259066499e-02
   6.9004557414552900e-02
   6.9004557103579958e-02
   6.9004554979450697e-02
   6.9004553539351254e-02
   9.9848253459547023e-02
   9.9848255172864858e-02
   9.9848254303328401e-02
   9.9848253797059541e-02
   9.9848254835352340e-02
   9.9848259435186784e-02
   9.9848248859712690e-02
   9.9848247483907374e-02
   9.9848256934422674e-02
   7.4668370323395114e-02
   7.4668374725922915e-02
   7.4668369337846707e-02
   7.4668373671650731e-02
   7.4668374932093967e-02
   7.4668372888312712e-02
   7.4668374015269295e-02
   7.4668373369378621e-02
   7.4668379472069127e-02
   1.1110128512193150e-01
   1.1110145090772842e-01
   1.1110206405562160e-01
   1.1110147504955846e-01
   8.3231808577442140e-02
   8.3231811794673441e-02
   8.3231808577442140e-02
   8.3231808216525691e-02
   8.3231807483011705e-02
   8.3231815920356625e-02
   8.3231808216525691e-02
   8.3231810820548424e-02
   8.3667765238468902e-02
   8.3667761443171007e-02
   8.3667765672114841e-02
   8.3667765888937859e-02
   8.3667761226348017e-02
   8.3667761226348017e-02
   8.3667762310463009e-02
   8.3667759700818967e-02
   8.5314502592501562e-02
   8.5314503896300617e-02
   8.5314502657175897e-02
   8.5314502980547227e-02
   8.5314496399605491e-02
   8.5314505842507410e-02
   8.5314494772435329e-02
   8.5314510994636272e-02
   8.5314506999443193e-02
   1.0421264125743754e-01
   1.0421303079588716e-01
   6.7426579393662631e-02
   6.7426575462853550e-02
   6.7426575462853550e-02
   6.7426570494513671e-02
   6.7426570494513671e-02
   6.7426579910673134e-02
   6.7426580014075296e-02
   6.7426580014075296e-02
   6.7426574011714660e-02
   6.7426582062814350e-02
   9.4687741599924838e-02
   9.4687741173961490e-02
   9.4687741599924838e-02
   9.4687737274061587e-02
   9.4687737700024935e-02
   9.4687741812906540e-02
   9.4687743969246035e-02
   9.4687742238869915e-02
   9.4687735543685536e-02
   9.4687748082127626e-02
   1.3868794243786550e-01
   1.3868840508940822e-01
   1.3868823710521042e-01
   9.8756542601500144e-02
   9.8756542601500144e-02
   9.8756538360596627e-02
   9.8756548487380511e-02
   9.8756547145481932e-02
   9.8756541151588231e-02
   9.8756550368526708e-02
   9.8756535615343491e-02
   9.8756522934555308e-02
   6.8498342399488502e-02
   6.8498338150654717e-02
   6.8498338274095821e-02
   6.8498342646370655e-02
   6.8498336919641759e-02
   6.8498343877383655e-02
   6.8498343263576081e-02
   6.8498333037733436e-02
   6.8498337783729463e-02
   4.9714622653463866e-02
   4.9714622786329377e-02
   4.9714622919194811e-02
   4.9714623052060224e-02
   4.9714622786329377e-02
   4.9714621741923697e-02
   4.9714622140520012e-02
   4.9714621286191633e-02
   4.9714622273385453e-02
   4.9714617443879186e-02
   4.0490872495113739e-02
   4.0490867590347708e-02
   4.0490867429501434e-02
   4.0490872495113739e-02
   4.0490877575837005e-02
   4.0490867429501434e-02
   4.0490873138498883e-02
   4.0490877897529559e-02
   4.0490873836524083e-02
   4.0490878058375840e-02
   9.0171591970395218e-02
   9.0171592137464562e-02
   9.0171596059566358e-02
   9.0171590908929913e-02
   9.0171593996328264e-02
   9.0171587116592122e-02
   1.0984695870630856e-01
   1.0984694910192681e-01
   1.0984696392132939e-01
   1.0984696789881102e-01
   1.0984695950050533e-01
   1.0984694189043677e-01
   1.0984694409474662e-01
   1.0984692656305980e-01
   1.0984692510412626e-01
   1.0984692813219364e-01
   8.5393516230415856e-02
   8.5393111314735134e-02
   8.5398502456037362e-02
   8.5393995089771260e-02
   8.5393761210242419e-02
  -2.2703003280430831e-02
   6.5277268548557851e-02
   6.5277264699110479e-02
   6.5277268818080020e-02
   6.5277268144274536e-02
   6.5277265372915963e-02
   6.5277265507677096e-02
   6.5277269087602174e-02
   6.5277267767931371e-02
   6.5277264121667247e-02
   1.3677428263722502e-01
   1.3677427988581350e-01
   1.3677427755765956e-01
   1.3677429017474352e-01
   1.3677428030907104e-01
   1.3677427480624815e-01
   1.3677428885777598e-01
   1.3677427480624815e-01
   1.3677427247809415e-01
   1.3677427350160326e-01
   9.6219914361402412e-02
   9.6219914736717094e-02
   9.6219914736717094e-02
   9.6219915112031693e-02
   9.6219913201418150e-02
   9.6219913013760830e-02
   1.0579937390777758e-01
   1.0579937656054220e-01
   1.0579936999524624e-01
   1.0579937195151187e-01
   1.0579937209954549e-01
   1.0579937977105228e-01
   1.0579936944678058e-01
   1.0579937139376643e-01
   1.0579936623627025e-01
   1.3931623565671256e-01
   1.3931623159984666e-01
   1.3931623655121952e-01
   1.3931623159984666e-01
   1.3931623159984666e-01
   1.3931623159984666e-01
   1.3931623289085268e-01
   1.3931623159984666e-01
   1.3931623546565139e-01
   1.3931622427189932e-01
   1.2683185830580262e-01
   1.2683219877485077e-01
   5.8817656946179735e-02
   1.0445402387809354e-01
   1.0445402387809354e-01
   1.0445402128905416e-01
   1.0445402387809354e-01
   1.0445402128905416e-01
   1.0445402128905416e-01
   1.0445401847934396e-01
   1.0445402179295263e-01
   1.0445402128905416e-01
   1.0445401880828577e-01
   7.8162996079671823e-02
   7.8162994950967721e-02
   7.8162994471764211e-02
   7.8162991624229905e-02
   7.8162994950967721e-02
   7.8162996575152008e-02
   7.8162997054355560e-02
   7.8162996734886553e-02
   9.2648180066000105e-02
   9.2648177240353485e-02
   9.2648177880258892e-02
   9.2648177556424890e-02
   9.2648173126148078e-02
   9.2648172968112411e-02
   9.2648186874574795e-02
   1.0639603410021437e-01
   1.2044003340862684e-01
   1.2044003115428707e-01
   1.2044003340862684e-01
   1.2044003542205745e-01
   1.2044003115428707e-01
   1.2044003115428707e-01
   1.2044003115428707e-01
   1.2044002914085654e-01
   1.2044002688651671e-01
   1.1356245846082560e-01
   1.1356245188872373e-01
   1.1356247307994656e-01
   1.1356247802957790e-01
   1.1356242431609156e-01
   1.1356241639850259e-01
   1.6193631345057832e-01
   1.6193641189014432e-01
   1.1489341453789446e-01
   1.1489341207096314e-01
   1.1489340651317026e-01
   1.1489340942429245e-01
   1.1489340342230897e-01
   1.1489340386649947e-01
   1.1489344143847344e-01
   1.1489338161586006e-01
   1.1489337916839538e-01
   1.1489343765745021e-01
   9.0497327685756940e-02
   9.0497326081955445e-02
   9.0497325655528468e-02
   9.0497327259329963e-02
   9.0497326721595842e-02
   9.0497329658849393e-02
   9.0497327685756940e-02
   9.0497327259329963e-02
   9.0497331462457545e-02
   9.0497323638707036e-02
   6.5080707389286965e-02
   1.0954589138984909e-01
   1.0954589138984909e-01
   1.0954588925736419e-01
   1.0954588623791113e-01
   1.0954589138984909e-01
   1.0954589138984909e-01
   1.0954588895316249e-01
   1.0954589426474515e-01
   1.0954588909771937e-01
   1.1550567954490645e-01
   1.1550567954490645e-01
   1.1550567162171359e-01
   1.1550568475571303e-01
   1.1550567730647780e-01
   1.1550567158578821e-01
   1.1550567213159668e-01
   1.1550568475571303e-01
   1.1550566641090687e-01
   1.1550567213159668e-01
   7.8786281398240399e-02
   7.8786281582487974e-02
   7.8786286093730659e-02
   7.8786281950983167e-02
   7.8786282135230756e-02
   7.8786281950983167e-02
   7.8786281029745178e-02
   7.8786281213992754e-02
   7.8786287199216321e-02
   7.8786283538082827e-02
   7.8281524065832192e-02
   7.8281459433950124e-02
   1.2340666296176296e-01
   1.2340664678658549e-01
   1.2340662031366684e-01
   1.2340660998520192e-01
   1.2340659292410024e-01
   1.2340655386112175e-01
   1.2340652513730742e-01
   8.4028123696580026e-02
   1.2418436982544444e-01
   9.2885905455843396e-02
   9.2885909536948127e-02
   9.2885909671219360e-02
   8.5444704739703323e-02
   8.5444706537090076e-02
   8.5444704827791998e-02
   8.5444704915880673e-02
   8.5444701401989370e-02
   8.5444705092058038e-02
   8.5444702670844044e-02
   8.5444702494666694e-02
   8.5444711624503775e-02
   8.5444694917231265e-02
   8.7675904552761710e-02
   8.7675907673694292e-02
   8.7675907740708547e-02
   8.7675905609144220e-02
   8.7675900002483959e-02
   8.7675902488211416e-02
   8.7675924378445541e-02
   1.1289428141385686e-01
   1.0616809304836465e-01
   1.0616808625769825e-01
   1.0616809352054464e-01
   1.0616808820952883e-01
   1.0616808625769825e-01
   1.0616808554738977e-01
   1.0616808797343889e-01
   1.0616808531333835e-01
   1.0616808483911980e-01
   1.0616808141886232e-01
   7.5668088294811447e-02
   7.5667782135752995e-02
   7.5667986855702987e-02
   7.5667910167176250e-02
   7.5667880179112551e-02
   8.9389229735636816e-02
   8.9389229621827201e-02
   8.9389232846614125e-02
   8.9389231299454017e-02
   8.9389232789709366e-02
   8.9389233017328568e-02
   8.9389228131571755e-02
   8.9389227619428691e-02
   8.9389228074666996e-02
   5.7284223910612921e-02
   5.7283952862862350e-02
   9.5255452211352051e-02
   9.5255449073627041e-02
   9.5255454543568152e-02
   9.5255449073627041e-02
   9.5255452598967200e-02
   9.5255452695870990e-02
   9.5255456964572716e-02
   9.5255454244741439e-02
   9.5255446652622339e-02
   8.5671469342939982e-02
   8.5671469519409627e-02
   8.5671469342939982e-02
   8.5671464268333664e-02
   8.5671468573962170e-02
   8.5671468221022951e-02
   8.5671466674963323e-02
   8.5671466343802183e-02
   9.7070002964414689e-02
   9.7070002786704024e-02
   9.7070003497546478e-02
   9.7070002786704024e-02
   9.7070007368587688e-02
   9.7070009519722278e-02
   9.7070005470970430e-02
   9.7069985761537705e-02
   1.0475106658469253e-01
   1.0475128984711811e-01
   1.0475154685488285e-01
   1.0475123386674878e-01
   1.0475105218195346e-01
   1.0475335602846643e-01
   1.0475101725669195e-01
   1.0475236890474418e-01
   9.2319049593391780e-02
   9.2319049593391780e-02
   9.2319049831960390e-02
   9.2319049593391780e-02
   9.2319049593391780e-02
   9.2319050309097525e-02
   9.2319050309097525e-02
   9.2319050309097525e-02
   9.2319050309097525e-02
   9.2319046794644005e-02
   1.0280982233168176e-01
   1.0280981988897560e-01
   1.0280982473957899e-01
   1.0280981988897560e-01
   1.0280981482450283e-01
   1.0280982278839097e-01
   1.0280981988897560e-01
   1.0280983047463042e-01
   1.2015500376504135e-01
   1.1993187568179646e-01
   1.1993212663305958e-01
   1.1993178372723005e-01
   1.1993221105269784e-01
   1.4259888838981657e-01
   7.0076313439460206e-02
   7.0076314923496891e-02
   7.0076313116820152e-02
   7.0076313600780246e-02
   7.0076313600780246e-02
   7.0076309169597492e-02
   7.0076313762100273e-02
   7.0076313923420341e-02
   7.0076314762176850e-02
   7.0076313101801999e-02
   7.3992562614340354e-02
   7.3992555426863393e-02
   7.3992555489818979e-02
   7.3992558362486596e-02
   7.3992557770235237e-02
   4.9538566342534944e-02
   4.9538567327402687e-02
   4.9538566698178015e-02
   4.9538567683045757e-02
   4.9538567327402687e-02
   4.9538566935273420e-02
   4.9538561221938629e-02
   4.9538572922189834e-02
   4.9538572648608302e-02
   9.8091591296217862e-02
   9.8091591296217862e-02
   9.8091591933999536e-02
   9.8091591909438031e-02
   9.8091591296217862e-02
   9.8091586062534014e-02
   9.8091591296217862e-02
   9.8091586062534014e-02
   9.8091588651397790e-02
   9.8091586062534014e-02
   8.2086182893361365e-02
   8.2086178790417449e-02
   8.2086179366661197e-02
   8.2086177710104055e-02
   8.2086177710104055e-02
   8.2086170487946378e-02
   8.2086197142756431e-02
   8.0442229086510039e-02
   8.0442232972642538e-02
   8.0442233122020368e-02
   8.0442229235887758e-02
   8.0442229684021177e-02
   8.0442232972642538e-02
   8.0442229235887758e-02
   8.0442230132154555e-02
   8.0442224185796843e-02
   8.0442242325935387e-02
   7.8555881284391366e-02
   7.8555882566322358e-02
   7.8555881655629670e-02
   7.8555877710070374e-02
   7.8555877895689505e-02
   7.8555878266927837e-02
   7.8555878266927837e-02
   7.8555877895689505e-02
   7.8555887818225589e-02
   7.8555882769344818e-02
   7.8656852771944299e-02
   7.8656852665512617e-02
   7.8656853197671184e-02
   7.8656851938486538e-02
   7.8656852044918263e-02
   7.8656851832054786e-02
   7.8656851725623089e-02
   7.8656847625757878e-02
   7.8656843525892653e-02
   8.0381934235316949e-02
   8.0381735113377845e-02
   1.2632573124162122e-01
   1.2632576636579138e-01
   1.2632634068714879e-01
   1.2632551727112851e-01
   1.2632626009772785e-01
   7.9604311025798680e-02
   5.0876324193335279e-02
   1.3465573663224031e-01
   1.3465573582177442e-01
   1.3465574068791830e-01
   1.3465569868922600e-01
   1.1559281668001002e-01
   1.1369726871450367e-01
   9.6331591578726478e-02
   9.6331589466578646e-02
   9.6331586618466081e-02
   9.6331587982434866e-02
   9.6331592352162682e-02
   9.6331586468579894e-02
   9.6331579657220556e-02
   9.6331579769635162e-02
   9.1909212668565651e-02
   9.1909210988424028e-02
   9.1909212500637869e-02
   9.1909211828063150e-02
   9.1909210988424028e-02
   9.1909208842501186e-02
   9.1909206217378706e-02
   9.1909213782338073e-02
   7.4704250459673105e-02
   7.4704254817742372e-02
   7.4704256409140107e-02
   7.4704254972158393e-02
   7.4704256563556129e-02
   7.4704255126574415e-02
   7.4704255280990395e-02
   7.4704256563556129e-02
   7.4704251077337150e-02
   7.4704261384873363e-02
   9.9443537009531180e-02
   9.9443541535391630e-02
   9.9443533365334971e-02
   9.9443540575451295e-02
   9.9443540368500088e-02
   7.7662148014076948e-02
   7.7662013426272061e-02
   1.3092165448800069e-01
   1.3092165075817491e-01
   1.3092165448800069e-01
   1.3092165434312453e-01
   1.3092164802285164e-01
   1.3092165075817491e-01
   1.3092164916223004e-01
   1.3092164916223004e-01
   1.3092164642690682e-01
   1.3092165976377196e-01
   1.0700704369671085e-01
   1.0700705128824609e-01
   1.0700705152397996e-01
   1.0700703682303525e-01
   1.0700703715840700e-01
   1.0700703564436603e-01
   1.0700703611583370e-01
   1.0700703962604181e-01
   1.0700703715840700e-01
   1.0700705887978083e-01
   1.3377201524926019e-01
   1.2072385759510171e-01
   8.5912202265260459e-02
   8.5912193785248461e-02
   8.5912199113703389e-02
   8.5912197094542925e-02
   8.5912197094542925e-02
   8.5912201136945240e-02
   8.5912201136945240e-02
   8.5912206938612345e-02
   8.5912200877049469e-02
   9.2471073942203857e-02
   1.8077949691525513e-02
   1.2374917188712083e-01
   1.2374917124932598e-01
   1.2374917188712083e-01
   1.2374916930664563e-01
   1.2374917446595150e-01
   1.2374916913155221e-01
   1.2374917722152004e-01
   1.2374916414733979e-01
   1.2374916884723332e-01
   1.2374919962632942e-01
   8.9253183475515183e-02
   8.9253186615761121e-02
   8.9253186783930086e-02
   8.9253182865493635e-02
   8.9253187120268015e-02
   8.9253181175477300e-02
   8.9253181511815202e-02
   8.9253179557078663e-02
   8.9253187961112770e-02
   1.1170286284956688e-01
   1.1170259840752299e-01
   1.1170248770046726e-01
   1.1170244970004740e-01
   8.2216017018187398e-02
   8.2216017233597199e-02
   8.2216017449007001e-02
   8.2216017233597199e-02
   8.2216017233597199e-02
   8.2216017664416802e-02
   8.2216017879826561e-02
   8.2216017449007001e-02
   8.2216017233597199e-02
   8.2216022775745745e-02
   7.6719975444441049e-02
   7.6719975340024907e-02
   7.6719977267791381e-02
   7.6719975653273320e-02
   7.6719975235608834e-02
   7.6719975653273320e-02
   7.6719971994728645e-02
   7.6719977789872024e-02
   7.6719968865998314e-02
   7.6719968657166113e-02
   9.5696177481978353e-02
   9.5696174990845900e-02
   9.5696174592486069e-02
   9.5696175190025837e-02
   9.5696175389205690e-02
   9.5696180495786917e-02
   9.5696173801260415e-02
   9.5696173888478731e-02
   9.5696177089112530e-02
   9.5696182594053422e-02
   1.0095881506024063e-01
   1.0095881304540058e-01
   1.0095880960757904e-01
   1.0095880960757904e-01
   1.0095880960757904e-01
   1.0095881233049311e-01
   1.0095880960757904e-01
   1.0095881190606003e-01
   1.0095880960757904e-01
   1.0095880386444266e-01
   9.0250193977680498e-02
   9.0250193764026793e-02
   9.0250193764026793e-02
   9.0250193977680498e-02
   9.0250194832295211e-02
   9.0250194832295211e-02
   9.0250194832295211e-02
   9.0250194618641533e-02
   9.0250191206928607e-02
   9.5430325184122033e-02
   9.5430325703087321e-02
   9.5430329517286180e-02
   9.5430324665156732e-02
   9.5430324106460310e-02
   9.5430324106460310e-02
   9.5430330940924873e-02
   9.5430326039016883e-02
   9.5430340694961577e-02
   1.3380488111165370e-01
   1.3380487808487640e-01
   1.3380487663162774e-01
   8.4077885401184785e-02
   8.4077886057200749e-02
   8.4077886544654423e-02
   8.4077886275872732e-02
   8.4077886275872732e-02
   8.4077887952754934e-02
   8.4077890234596553e-02
   8.4077883614966764e-02
   1.2288840208604017e-01
   1.2288824736224517e-01
   1.2288858280950593e-01
   1.2289013800098640e-01
   1.2288915550944596e-01
   1.2288819943852644e-01
   1.1018162504093641e-01
   1.1018162504093641e-01
   1.1018162504093641e-01
   1.1018162789737292e-01
   1.1018162504093641e-01
   1.1018161805142075e-01
   1.1018162699746377e-01
   1.1018162759884267e-01
   1.1018163211327620e-01
  -4.4138750723383607e-02
  -4.4137972894153388e-02
   9.1710666454358283e-02
   9.1710665073053810e-02
   9.1710654244495940e-02
   9.1710665291020246e-02
   9.1710652287419703e-02
   9.1710685134907419e-02
   1.1435179566389239e-01
   1.1435179566389239e-01
   1.1435179275409726e-01
   1.1435179566389239e-01
   1.1435179275409726e-01
   1.1435179803455078e-01
   1.1435179566389239e-01
   1.1435179566389239e-01
   1.1435179275409726e-01
   1.1435179038343905e-01
   1.4416591594506728e-01
   1.4416591757654512e-01
   1.0769207163041175e-01
   1.0769207386786941e-01
   1.0769207386786941e-01
   1.0769206957321349e-01
   1.0769206957321349e-01
   1.0769207181067120e-01
   1.0769207181067120e-01
   1.0769206663813329e-01
   1.0769206887559107e-01
  -2.8469429854491399e-02
  -2.8471902670804222e-02
   1.4667216014481813e-01
   1.2996291803237545e-01
   1.2996291508296140e-01
   1.2996290801985094e-01
   1.2996291206929278e-01
   1.2996290907846900e-01
   1.2996290907846900e-01
   1.2996291206929278e-01
   1.2996290907846900e-01
   1.2996292700912693e-01
   1.2996293297220973e-01
   7.0701166450326244e-02
   7.0701166450326244e-02
   7.0701166780229377e-02
   7.0701166384345648e-02
   7.0701165527765925e-02
   7.0701167081208702e-02
   7.0701158135204778e-02
   7.0701157504322279e-02
   1.4907634744434248e-01
   1.4907610965337528e-01
   1.4907696292726191e-01
   1.4907591906309201e-01
   1.4907729781632095e-01
   1.0038601400682055e-01
   1.0038601918972147e-01
   1.0038601304386356e-01
   1.0038600640654242e-01
   1.0038603187658827e-01
   1.3667612100241097e-01
   1.3667640755036836e-01
   1.3667591691284470e-01
   7.9760498193849630e-02
   7.9760498068527363e-02
   7.9760497943205194e-02
   7.9760498319171924e-02
   7.9760498569816429e-02
   7.9760493851920813e-02
   7.9760500583506769e-02
   7.9760495990933294e-02
   7.9760491689903762e-02
   1.0717647464472881e-01
   1.0717647658599691e-01
   1.0717647164175259e-01
   1.0717647922689433e-01
   1.0717647164175259e-01
   1.0717646931908680e-01
   1.0717648184847313e-01
   1.0717648148639446e-01
   1.3971154470966460e-01
   1.3971114184175085e-01
   1.3971192374828503e-01
   1.3971136913665533e-01
   1.3971113080700615e-01
   1.3971056959132541e-01
   1.3971259749558468e-01
   1.5449985159066112e-01
   1.5450016261182556e-01
   1.5449992652817870e-01
   1.5450003453421668e-01
   1.0914573316974695e-01
   1.0914573103907128e-01
   1.0914572872016945e-01
   1.0914573103907128e-01
   1.0914573621645399e-01
   1.0914573408577827e-01
   1.0914572297628636e-01
   1.0914573907493501e-01
   1.0914572084561079e-01
   1.2709519103038178e-01
   9.9382928872843446e-02
   5.9423391982358839e-02
   1.0666005117519632e-01
   1.0666004757111321e-01
   1.0666005406750635e-01
   1.0666004583370078e-01
   1.0666004583370078e-01
   1.0666004302932934e-01
   1.0666003973716319e-01
   1.0666005506714607e-01
   8.1440385426644613e-02
   8.1440381886858690e-02
   8.1440382382263185e-02
   8.1440385922049052e-02
   8.1440385922049052e-02
   8.1440385674346819e-02
   8.1440381771952924e-02
   8.1440382019655144e-02
   8.1440381639156484e-02
   8.1440377736762437e-02
   7.3719727596477630e-02
   7.3719722854686462e-02
   7.3719731117896217e-02
   7.3719735861098312e-02
   7.3719734052090077e-02
   7.3719744081218549e-02
   7.3719744365387876e-02
   1.1203670592335359e-01
   1.1203670582697334e-01
   1.1203670582697334e-01
   1.1203670582697334e-01
   1.1203670356330252e-01
   1.1203670356330252e-01
   1.1203670356330252e-01
   1.1203670898215384e-01
   1.1203671210651289e-01
   1.1203671204095400e-01
   1.2600758101509127e-01
   1.2600757570722179e-01
   9.0416400358162258e-02
   9.0416401828374030e-02
   9.0416401710292513e-02
   9.0416399133430886e-02
   9.0416398779186377e-02
   9.0416399015349411e-02
   9.0416404390697022e-02
   9.0416404508778442e-02
   9.0416393010899376e-02
   4.7536840605898752e-02
   4.5244317675321132e-02
   4.5242780887101479e-02
   4.5243996137015900e-02
   4.5244894713505610e-02
   4.5243434183231949e-02
   1.1506231248287208e-01
   1.1506256314864467e-01
   1.1506304190519663e-01
   1.1506256810081623e-01
   1.1506204538228057e-01
   1.2591046844310111e-01
   1.1120278247787690e-01
   1.1120278042277773e-01
   1.1120277749929217e-01
   1.1120278247787690e-01
   1.1120278026416890e-01
   1.1120277483998971e-01
   1.1120277734068318e-01
   1.1120277528558407e-01
   1.1120277749929217e-01
   3.4932321912109175e-02
   3.4933604447199590e-02
   3.4931208954691137e-02
   3.4931514522339814e-02
   3.4933472947914046e-02
   3.4931958757439534e-02
   3.4931074009924998e-02
   3.4931910442629083e-02
   3.4932895164316288e-02
   3.4930647186107465e-02
   1.1712717681806147e-01
   1.1712718204265550e-01
   1.1712718478709619e-01
   1.1712718696293353e-01
   1.1712719017294496e-01
   1.1712718769279168e-01
   1.1712718726724920e-01
   1.1712716476163865e-01
   1.1712715363027938e-01
   1.1897882712271721e-01
   1.1897882971147346e-01
   1.1897882897117039e-01
   1.1897883191919650e-01
   1.1897883194110398e-01
   1.1897882788492781e-01
   1.1897882973338096e-01
   1.1897882232623790e-01
   1.1897883191919650e-01
   1.1897882232623790e-01
   1.1359985461199251e-01
   1.1359985461199251e-01
   1.1359985222416734e-01
   1.1359985461199251e-01
   1.1359984563603043e-01
   1.1359984647407920e-01
   1.1359985461199251e-01
   1.1359985461199251e-01
   1.1359985461199251e-01
   1.1359985448570535e-01
   7.8370598438984987e-02
   7.8370602323318245e-02
   7.8370598438984987e-02
   7.8370598247861467e-02
   7.8370597051864416e-02
   7.8370597242987991e-02
   7.8370598821232151e-02
   7.8370603087812532e-02
   7.8370597816358675e-02
   7.8370602514441848e-02
   1.0766743589631181e-01
   1.0766743375755031e-01
   1.0766743540829145e-01
   1.0766744111668620e-01
   1.0766743267898791e-01
   1.0766744360775690e-01
   1.0766744374346798e-01
   1.0766744374346798e-01
   1.0766744623453858e-01
   1.2986257125008127e-01
   1.2986256595617141e-01
   1.2986256858525649e-01
   1.2986256331247975e-01
   1.2986256420728592e-01
   1.2986256420728592e-01
   1.2986255891337592e-01
   1.2986255628429058e-01
   1.2986255272465974e-01
   1.2986255361946600e-01
   1.4620899336923171e-01
   1.1162102223551980e-01
   1.1162102268733648e-01
   1.1162101764883299e-01
   1.1162101496641559e-01
   1.1162101987943357e-01
   1.1162101764883299e-01
   1.1162101987943357e-01
   1.1162102995644038e-01
   1.1162103008192649e-01
   1.1064874798381154e-01
   1.1257608382280151e-01
   1.1257608174052874e-01
   1.1257607901521406e-01
   1.1257608433633089e-01
   1.1257608174052874e-01
   1.1257608174052874e-01
   1.1257608636685371e-01
   1.1257607896346394e-01
   1.2073937650466329e-01
   1.2073938398461967e-01
   1.2073938398461967e-01
   1.2073938146753441e-01
   1.2073938223389602e-01
   1.2073937650466329e-01
   1.2073938146753441e-01
   1.2073937650466329e-01
   1.2073937742320370e-01
   1.2073937650466329e-01
   1.1171739813769040e-01
   1.1171738316313694e-01
   1.1171737425537856e-01
   1.1171742367377037e-01
   1.1171742677769655e-01
   1.1171733722851794e-01
   1.1171732319220073e-01
   1.1171728258423920e-01
   1.1171727745568127e-01
   1.2502377815707444e-01
   1.2754013195465397e-01
   1.3192417847318827e-01
   1.4524725759294355e-01
   1.2991564452830104e-01
   1.2991564197254180e-01
   1.2991563956315624e-01
   1.2991563956315624e-01
   1.2991564113032808e-01
   1.2991564353971360e-01
   1.2991564452830104e-01
   1.2991564113032808e-01
   1.1995596812033454e-01
   1.1995597011259194e-01
   1.1995596313454929e-01
   1.1995596612807706e-01
   1.1995597111386248e-01
   1.1995596313454929e-01
   1.1995596037955326e-01
   1.1995595838729564e-01
   1.1031495495535815e-01
   1.1031495795765761e-01
   1.1031495567337525e-01
   1.1031495288170511e-01
   1.1031495059742266e-01
   1.1031495288170511e-01
   1.1031494552147010e-01
   1.1031496367475262e-01
   1.1031496846320137e-01
   1.7856604027074000e-01
   1.7856566821461994e-01
   8.8040434747210183e-02
   8.8040429265933945e-02
   8.8040429265933945e-02
   8.8040429500643183e-02
   8.8040429500643183e-02
   8.8040429031224721e-02
   8.8040429031224721e-02
   8.8040425167562233e-02
   8.8040434013037322e-02
   8.8040426136444250e-02
   9.1793329592729164e-02
   9.1793327361387053e-02
   9.1793327674063147e-02
   9.1793326378598925e-02
   9.1793338141073585e-02
   9.1793322543708020e-02
   9.1793331883536833e-02
   1.0686132107504215e-01
   1.0686132107504215e-01
   1.0686131735829084e-01
   1.0686132953130358e-01
   1.0686130751707187e-01
   1.0686131264964242e-01
   1.0686130769542923e-01
   1.0686130323333322e-01
   1.0638711966807893e-01
   1.0638712221508781e-01
   1.0638711433428275e-01
   1.0638711966807893e-01
   1.0638711433428275e-01
   1.0638711688129170e-01
   1.0638711688129170e-01
   1.0638712015807558e-01
   1.0638711384428592e-01
   1.0638711968399180e-01
   1.1485421213456325e-01
   1.1485421506165469e-01
   1.1485421760231301e-01
   1.1485421975669215e-01
   1.1485421467522158e-01
   1.1485419935269132e-01
   1.1485419719831248e-01
   1.1485419411637025e-01
   1.1485418949791004e-01
   1.4310434866034163e-01
   1.4310435174314801e-01
   1.4310433347689377e-01
   1.4310434145453366e-01
   1.4310429012375034e-01
   1.4310430283602432e-01
   1.4310428762670796e-01
   1.1110778563726281e-01
   1.2925422279731957e-01
   1.2925443904903314e-01
   6.9325075591615715e-02
   6.9324851609848193e-02
   6.9325395358785707e-02
   6.3237499824444959e-02
   6.3237496252521355e-02
   6.3237499704976122e-02
   6.3237504161645891e-02
   6.3237500302320476e-02
   6.3237500302320476e-02
   6.3237504400583650e-02
   6.3237496629071840e-02
   6.3237500302320476e-02
   9.1013013695123213e-02
   9.1013010831864624e-02
   9.1013007509660668e-02
   9.1013013996591841e-02
   9.1013010831864624e-02
   9.1013005871391814e-02
   9.1013005871391814e-02
   1.0622937565702181e-01
   1.0622937362088163e-01
   1.0622937565702181e-01
   1.0622937308078262e-01
   1.0622936607100240e-01
   1.0622936537211886e-01
   1.0622936290842042e-01
   1.0622936290842042e-01
   1.4609864178887208e-01
   1.4609864383954593e-01
   1.4609864290004979e-01
   1.4609863198122341e-01
   1.4609863046650606e-01
   1.4609861524417148e-01
   1.4609860384035694e-01
   1.4609859899210514e-01
   1.4609856683133338e-01
   7.5257662216922760e-02
   7.5257662021288321e-02
   7.5257659586094844e-02
   7.5257662412557186e-02
   7.5257659339386329e-02
   7.5257657243112147e-02
   7.5257651213055374e-02
   8.9015272474667423e-02
   8.9015272474667423e-02
   8.9015272474667423e-02
   8.9015266412676167e-02
   8.9015272474667423e-02
   8.9015272474667423e-02
   8.9015272474667423e-02
   8.9015274357198818e-02
   8.9015272474667423e-02
   8.9015277965252951e-02
   1.0460256774551287e-01
   1.0460257078832523e-01
   1.0460257286386682e-01
   1.0460256774551287e-01
   1.0460256774551287e-01
   1.0460256774551287e-01
   1.0460256774551287e-01
   1.0460256774551287e-01
   1.0460257594406411e-01
   1.0460256470270037e-01
   9.8080926685020220e-02
   9.8080925132946459e-02
   9.8080928147621663e-02
   9.8080926685020220e-02
   9.8080921303297680e-02
   9.8080924078324208e-02
   9.8080933529344064e-02
   9.8080920110697217e-02
   9.8080931977270247e-02
   9.8080938077939106e-02
   9.4726094930931995e-02
   9.4726095130987717e-02
   9.4726090925919354e-02
   9.4726095130987717e-02
   9.4726095631126842e-02
   9.4726098518270421e-02
   9.4726093675464376e-02
   9.4726098218186977e-02
   9.4726089670451749e-02
   1.2900447894844058e-01
   1.2900447658644032e-01
   1.2900448128554962e-01
   1.2900447975358179e-01
   1.2900447424933120e-01
   1.2900447269247203e-01
   1.2900446799336257e-01
   1.2900446799336257e-01
   1.2900446799336257e-01
   1.5024359611175972e-01
   1.5024435485319426e-01
   1.5024340590322921e-01
   9.7835665266919697e-02
   9.7835665144623246e-02
   9.7835664900030567e-02
   9.7835674365424952e-02
   9.7835665022326920e-02
   9.7835674365424952e-02
   8.2692033252223129e-02
   8.2692033252223129e-02
   8.2692033252223129e-02
   8.2692033767487960e-02
   8.2692033767487960e-02
   8.2692037415840039e-02
   8.2692037569996713e-02
   9.9010866850329088e-02
   9.9010873822896070e-02
   9.9010862139094297e-02
   9.9010862250051290e-02
   9.9010862139094297e-02
   9.9010873822896070e-02
   9.5056320958623819e-02
   9.5056315937860958e-02
   9.5056313339050819e-02
   9.5056316221639778e-02
   9.5056313197161402e-02
   9.5056313850036239e-02
   9.5056303382842031e-02
   1.0380898933038632e-01
   1.0380898933038632e-01
   1.0380899359722182e-01
   1.0380899159759428e-01
   1.0380898830994995e-01
   1.0380899417936046e-01
   1.0380898830994995e-01
   1.0380898604274194e-01
   1.0380898830994995e-01
   1.0380899403551930e-01
   1.3013631425378716e-01
   1.3013669659483573e-01
   1.2704104582480041e-01
   1.2704103709275757e-01
   1.2704105138850402e-01
   1.2704102892376901e-01
   1.2704103117267557e-01
   1.2704101109420632e-01
   1.2704101462802075e-01
   1.2704101280480917e-01
   1.2704099551354983e-01
   9.6329221151711789e-02
   9.6329218587606139e-02
   9.6329223531240044e-02
   9.6329222192040084e-02
   9.6329223531240044e-02
   9.6329218477156739e-02
   9.6329217137956835e-02
   9.6329215766280341e-02
   9.6329215987179181e-02
   9.6329209533574739e-02
   8.5956033008466048e-02
   8.5956028032239590e-02
   8.5956031925102205e-02
   8.5956027875556340e-02
   8.5956029059298028e-02
   8.5956023277619295e-02
   9.2147817998875892e-02
   9.2147817804515031e-02
   9.2147809303008921e-02
   9.2147814993059643e-02
   9.2147809108648060e-02
   9.2147812308825253e-02
   9.2147814604337963e-02
   9.2147804088726817e-02
   9.2147800111106071e-02
   8.3504346884123240e-02
   8.3504347008452551e-02
   8.3504352103508650e-02
   8.3504347381440386e-02
   8.3504347630099049e-02
   8.3504347381440386e-02
   8.3504344498056229e-02
   8.3504349468783060e-02
   1.4038316343416674e-01
   1.4038311329629674e-01
   1.1212508969003411e-01
   1.1212508670417611e-01
   1.1212508969003411e-01
   1.1212509484033129e-01
   1.1212509484033129e-01
   1.1212508962546198e-01
   1.1212508739132582e-01
   1.1212508739132582e-01
   1.1212509776161725e-01
   1.1212508739132582e-01
   1.4430900618907405e-01
   1.4430900926186488e-01
   1.4430899125792310e-01
   1.4430901255784062e-01
   7.6620531249269569e-02
   7.6620536447269044e-02
   7.6620527024886448e-02
   7.6620531845353709e-02
   7.6620531689724006e-02
   7.6620564503618566e-02
   1.1218117844186658e-01
   1.1037036466834212e-01
   1.1037036638823340e-01
   1.1037035374707108e-01
   1.1037037203027243e-01
   1.1037035639820567e-01
   1.1037035845786680e-01
   1.1037035374707108e-01
   1.1037035374707108e-01
   1.1037038050603754e-01
   1.0599079715176950e-01
   1.0599079715176950e-01
   1.0599079477781760e-01
   1.0599079191186736e-01
   1.0599079167924748e-01
   1.0599079715176950e-01
   1.0599079501043729e-01
   1.0599079477781760e-01
   1.0599079191186736e-01
   1.0599079191186736e-01
   1.1242202328643743e-01
   1.2668613526862482e-01
   1.2668612188767517e-01
   1.2668613454356398e-01
   1.2668613870885365e-01
   1.2668612202681320e-01
   1.2668611731232601e-01
   1.2668611115693015e-01
   1.2668611194695326e-01
   1.2668610923178594e-01
   1.2668610194126889e-01
   9.8288052251363736e-02
   9.8288053507441103e-02
   9.8288053664723748e-02
   9.8288050494960741e-02
   9.8288057164463594e-02
   9.8288055578409486e-02
   1.4878129482494537e-01
   1.4878219198228895e-01
   1.4584230005206186e-01
   1.4584263836898070e-01
   1.4584403178659799e-01
   1.4584244859668810e-01
   1.4584246797453301e-01
  -8.7269195199427881e-03
   1.0591050705694857e-01
   1.0591050346014411e-01
   1.0591050127316458e-01
   1.0591049393677736e-01
   1.0591050532562402e-01
   9.4874217874518982e-02
   9.4874215726207023e-02
   9.4874215726207023e-02
   9.4874214792798020e-02
   9.4874216483622667e-02
   9.4874218341223532e-02
   9.4874215259502501e-02
   9.4874220978698104e-02
   1.2151697021779276e-01
   1.2151697021779276e-01
   1.2151697515969954e-01
   1.2151697647890819e-01
   1.2151696478212989e-01
   1.2151697565345572e-01
   1.2151696478212989e-01
   1.2151697021779276e-01
   1.2151697852442039e-01
   1.2151696734682781e-01
   1.3420257093448082e-01
   1.1738899746259354e-01
   1.1738875053041749e-01
   1.0435412581056748e-01
   1.0435514733329872e-01
   7.9753230549807680e-02
   7.9753230728895244e-02
   7.9753230907982878e-02
   7.9753231266158034e-02
   7.9753231087070470e-02
   7.9753231624333232e-02
   7.9753232454459921e-02
   7.9753235396258074e-02
   1.2297113295812281e-01
   1.2297114246498729e-01
   1.2297113295812281e-01
   1.2297114507556860e-01
   1.2297114208060873e-01
   1.2297112996316309e-01
   1.2297114692734311e-01
   1.2297112550080665e-01
   1.2297111656614423e-01
   1.2297111599394182e-01
   1.0050107914830092e-01
   1.0050108244232729e-01
   1.0050107914830092e-01
   1.0050107826445340e-01
   1.0050108661784429e-01
   1.0050108091451514e-01
   1.0050107986880055e-01
   1.0050107441091841e-01
   1.0050106854572165e-01
   1.0050106300425996e-01
   9.9496834905707363e-02
   9.9496837053079545e-02
   9.9496838391079631e-02
   9.9496830984162218e-02
   9.9496829820472352e-02
   9.9496836389660781e-02
   9.9496841329504954e-02
   9.9496861280947008e-02
   1.1448736726706210e-01
   1.1448736831084876e-01
   1.1448738244143399e-01
   1.1448731924287484e-01
   1.1448730202657446e-01
   1.1448725091666140e-01
   2.1357065774687162e-01
   1.2188980959993062e-01
   1.2188980959993062e-01
   1.2188980959993062e-01
   1.2188980263507554e-01
   1.2188980453452361e-01
   1.2188980529849847e-01
   1.2188981970014329e-01
   1.2188981732876021e-01
   1.2188979756966840e-01
   1.2188982429361485e-01
   1.0374711914401730e-01
   1.0374711937929249e-01
   1.0374711890874214e-01
   1.0374711567580497e-01
   1.0374712008511809e-01
   1.0374711515903720e-01
   1.0374711802673377e-01
   1.0374712595047664e-01
   1.0374712730303499e-01
   1.0374711927580581e-01
   1.0585870293274460e-01
   1.0585868128582347e-01
  -4.7706191196351666e-02
   2.8843610921725459e-02
   2.8844103796637321e-02
   2.8844284140146611e-02
   2.8841497577839648e-02
   2.8840246290152902e-02
   2.8844402802144932e-02
   2.8844915146557678e-02
   1.2694542718651466e-01
   1.2694645061906534e-01
   1.2694573567286616e-01
   1.2694557777465049e-01
   5.4147220716731351e-02
   1.1085071576271641e-01
   1.1085071757085720e-01
   1.1085071512835387e-01
   1.1085069275448931e-01
   1.1085069459945381e-01
   1.1085069279131331e-01
   1.1085070413946982e-01
   1.1085075082711111e-01
   1.3922607401889367e-01
   1.3922606796541426e-01
   1.3922606894170772e-01
   1.3922606669010032e-01
   1.3922606457260073e-01
   1.3922605851912284e-01
   1.3922604834068836e-01
   1.3922603791810900e-01
   7.6399479388638433e-02
   7.6399477816247494e-02
   7.6399478026268439e-02
   7.6399478026268439e-02
   7.6399478026268439e-02
   7.6399478236289356e-02
   7.6399478446310287e-02
   7.6399478446310287e-02
   7.6399477606226604e-02
   7.6399478236289356e-02
   9.2464798170517878e-02
   9.2464801194411889e-02
   9.2464798525243155e-02
   9.2464798259199246e-02
   9.2464809800741329e-02
   9.2464814866717843e-02
   9.9171371306565961e-02
   9.9171371306565961e-02
   9.9171371306565961e-02
   9.9171371306565961e-02
   9.9171369173359517e-02
   9.9171369173359517e-02
   9.9171365792734292e-02
   9.9171369173359517e-02
   9.9171365792734292e-02
   9.9171365792734292e-02
   8.4250525818123853e-02
   8.4250526513476962e-02
   8.4250521049976310e-02
   8.4250526513476962e-02
   8.4250527195032371e-02
   8.4250530413379446e-02
   8.4250520702299783e-02
   8.4250518977714794e-02
   8.4250515760313754e-02
   8.4250523468967956e-02
   6.0721155146443676e-02
   1.0203546123075387e-01
   1.0203546123075387e-01
   1.0203546123075387e-01
   1.0203546379241020e-01
   1.0203546123075387e-01
   1.0203546123075387e-01
   1.0203545597201352e-01
   1.0203545597201352e-01
   1.0203545597201352e-01
   1.4234880131740738e-01
   9.2783483342129103e-02
   9.2783488293205554e-02
   9.2783482187207167e-02
   9.2783479075291039e-02
   1.2207530211994143e-01
   1.1551604183771391e-01
   1.1551604183771391e-01
   1.1551603979818244e-01
   1.1551604688869428e-01
   1.1551603507082361e-01
   1.1551604892822551e-01
   1.1551602561610606e-01
   1.1551603001879110e-01
   9.8443681250590762e-02
   9.8443683213146990e-02
   9.8443678543976260e-02
   9.8443680593020277e-02
   9.8443683559097148e-02
   9.8443674627967229e-02
   9.8443675231949010e-02
   9.8443662949650360e-02
   9.8443701946523854e-02
   9.6627064502360541e-02
   9.6627064256234532e-02
   9.6627067821025509e-02
   9.6627060844445417e-02
   9.6627067944088582e-02
   9.6627068190214577e-02
   9.6627060721382399e-02
   9.6627070065962689e-02
   1.0190837464197246e-01
   1.0190837485012900e-01
   1.0190837939606313e-01
   1.0190837207154410e-01
   1.0190837186338753e-01
   1.0190837347639278e-01
   1.0190837165523098e-01
   1.0190838056164288e-01
   1.0190837165523098e-01
   1.0190837819937125e-01
   1.0005039976511398e-01
   1.0005040015942697e-01
   1.0005040035658343e-01
   1.0005039705776712e-01
   1.0005039666345411e-01
   1.0005039929650214e-01
   1.0005039500939836e-01
   1.0005040932259887e-01
   1.0005040932259887e-01
   1.0005039819465235e-01
   8.1841440000207100e-02
   8.1841438696934457e-02
   8.1841442336255121e-02
   8.1841438759344534e-02
   8.1841435292341613e-02
   8.1841439133805233e-02
   8.1841436699577830e-02
   8.1841444583252237e-02
   8.1841431430021774e-02
   1.1119073408496646e-01
   1.1119072908826529e-01
   1.1119073408496646e-01
   1.1119073153503957e-01
   1.1119072908826529e-01
   1.1119073671963420e-01
   1.1119072685194023e-01
   1.1119072409156421e-01
   1.1119073216224346e-01
   1.0073277525588695e-01
   1.0073277525588695e-01
   1.0073277313747388e-01
   1.0073276968497286e-01
   1.0073277313747388e-01
   1.0073277313747388e-01
   1.0073276084324483e-01
   1.0073277241299536e-01
   1.0073276084324483e-01
   1.0073278082680120e-01
   8.4333895712095278e-02
   8.4333894387005059e-02
   8.4333896008801243e-02
   8.4333899135509191e-02
   8.4333899432215184e-02
   8.4333889956621874e-02
   8.4333896867417352e-02
   8.4333887476209846e-02
   1.0126894264331690e-01
   1.0126894032185273e-01
   1.0126894812102880e-01
   1.0126893665964813e-01
   1.0126893771584751e-01
   1.0126893767024293e-01
   1.0126894309263793e-01
