  -5.5443964e-22	   8.3418955e-23	   0.0000000e+00	   8.7955198e-23	  -1.4092055e-22	   0.0000000e+00	   4.6648444e-22	   5.7501592e-23	   0.0000000e+00	
  -5.7457850e-22	   7.8099816e-23	   0.0000000e+00	   6.8964075e-23	  -1.4042229e-22	   0.0000000e+00	   5.0561442e-22	   6.2322478e-23	   0.0000000e+00	
  -5.4049264e-22	   5.9598244e-23	   0.0000000e+00	   6.1736746e-23	  -1.1861066e-22	   0.0000000e+00	   4.7875589e-22	   5.9012419e-23	   0.0000000e+00	
  -5.5843260e-22	   4.9799521e-23	   0.0000000e+00	   3.6650535e-23	  -1.1411320e-22	   0.0000000e+00	   5.2178206e-22	   6.4313682e-23	   0.0000000e+00	
  -5.9172394e-22	   9.0392319e-23	   0.0000000e+00	   7.5373736e-23	  -1.5403798e-22	   0.0000000e+00	   5.1635020e-22	   6.3645666e-23	   0.0000000e+00	
  -5.7836913e-22	   9.3729476e-23	   0.0000000e+00	   8.7575520e-23	  -1.5422633e-22	   0.0000000e+00	   4.9079361e-22	   6.0496856e-23	   0.0000000e+00	
  -5.7354901e-22	   8.0697255e-23	   0.0000000e+00	   7.3123921e-23	  -1.4238042e-22	   0.0000000e+00	   5.0042509e-22	   6.1683161e-23	   0.0000000e+00	
  -5.8300478e-22	   9.6154891e-23	   0.0000000e+00	   8.7934881e-23	  -1.5717868e-22	   0.0000000e+00	   4.9506989e-22	   6.1023792e-23	   0.0000000e+00	
  -5.9104682e-22	   8.9980608e-23	   0.0000000e+00	   7.5238441e-23	  -1.5355950e-22	   0.0000000e+00	   5.1580838e-22	   6.3578893e-23	   0.0000000e+00	
  -5.5536605e-22	   6.5930791e-23	   0.0000000e+00	   6.2723224e-23	  -1.2665453e-22	   0.0000000e+00	   4.9264283e-22	   6.0723735e-23	   0.0000000e+00	
  -5.7243643e-22	   6.6520315e-23	   0.0000000e+00	   5.3839163e-23	  -1.3044214e-22	   0.0000000e+00	   5.1859727e-22	   6.3921827e-23	   0.0000000e+00	
  -5.8464282e-22	   1.0469379e-22	   0.0000000e+00	   9.7620325e-23	  -1.6472628e-22	   0.0000000e+00	   4.8702249e-22	   6.0032491e-23	   0.0000000e+00	
  -5.9918243e-22	   9.1279693e-23	   0.0000000e+00	   7.2115221e-23	  -1.5624592e-22	   0.0000000e+00	   5.2706721e-22	   6.4966232e-23	   0.0000000e+00	
  -5.7783900e-22	   8.1161508e-23	   0.0000000e+00	   7.1258285e-23	  -1.4360315e-22	   0.0000000e+00	   5.0658072e-22	   6.2441639e-23	   0.0000000e+00	
  -5.3578927e-22	   7.4159689e-23	   0.0000000e+00	   8.5815911e-23	  -1.2962687e-22	   0.0000000e+00	   4.4997336e-22	   5.5467180e-23	   0.0000000e+00	
  -5.9068276e-22	   8.9077094e-23	   0.0000000e+00	   7.4275974e-23	  -1.5272970e-22	   0.0000000e+00	   5.1640679e-22	   6.3652604e-23	   0.0000000e+00	
  -6.0199419e-22	   8.7461493e-23	   0.0000000e+00	   6.5503549e-23	  -1.5358881e-22	   0.0000000e+00	   5.3649064e-22	   6.6127319e-23	   0.0000000e+00	
  -5.7827930e-22	   5.5052511e-23	   0.0000000e+00	   3.3562222e-23	  -1.2219267e-22	   0.0000000e+00	   5.4471708e-22	   6.7140155e-23	   0.0000000e+00	
  -5.9936937e-22	   9.9107022e-23	   0.0000000e+00	   8.1916636e-23	  -1.6288875e-22	   0.0000000e+00	   5.1745273e-22	   6.3781726e-23	   0.0000000e+00	
  -6.0752081e-22	   8.3751557e-23	   0.0000000e+00	   5.7375852e-23	  -1.5156136e-22	   0.0000000e+00	   5.5014495e-22	   6.7809802e-23	   0.0000000e+00	
  -5.9927468e-22	   8.9250679e-23	   0.0000000e+00	   6.9437077e-23	  -1.5455823e-22	   0.0000000e+00	   5.2983760e-22	   6.5307555e-23	   0.0000000e+00	
  -5.9802089e-22	   6.1776199e-23	   0.0000000e+00	   3.2339493e-23	  -1.3150005e-22	   0.0000000e+00	   5.6568139e-22	   6.9723850e-23	   0.0000000e+00	
  -6.0775167e-22	   1.0932185e-22	   0.0000000e+00	   8.9309805e-23	  -1.7322566e-22	   0.0000000e+00	   5.1844187e-22	   6.3903809e-23	   0.0000000e+00	
  -6.0198924e-22	   9.7056505e-23	   0.0000000e+00	   7.7792373e-23	  -1.6166919e-22	   0.0000000e+00	   5.2419686e-22	   6.4612682e-23	   0.0000000e+00	
  -5.8052597e-22	   7.2337910e-23	   0.0000000e+00	   5.7498589e-23	  -1.3680582e-22	   0.0000000e+00	   5.2302738e-22	   6.4467909e-23	   0.0000000e+00	
  -5.9055024e-22	   8.1478143e-23	   0.0000000e+00	   6.4273475e-23	  -1.4634672e-22	   0.0000000e+00	   5.2627676e-22	   6.4868577e-23	   0.0000000e+00	
  -5.8932368e-22	   7.4772059e-23	   0.0000000e+00	   5.5816684e-23	  -1.4053138e-22	   0.0000000e+00	   5.3350699e-22	   6.5759325e-23	   0.0000000e+00	
  -6.0583047e-22	   8.9774230e-23	   0.0000000e+00	   6.6244785e-23	  -1.5628299e-22	   0.0000000e+00	   5.3958568e-22	   6.6508760e-23	   0.0000000e+00	
  -5.7813141e-22	   9.9546968e-23	   0.0000000e+00	   9.5119071e-23	  -1.5908528e-22	   0.0000000e+00	   4.8301234e-22	   5.9538308e-23	   0.0000000e+00	
  -5.6766132e-22	   9.3722618e-23	   0.0000000e+00	   9.3892230e-23	  -1.5212199e-22	   0.0000000e+00	   4.7376909e-22	   5.8399375e-23	   0.0000000e+00	
  -6.1046105e-22	   9.0127310e-23	   0.0000000e+00	   6.3962631e-23	  -1.5748791e-22	   0.0000000e+00	   5.4649842e-22	   6.7360595e-23	   0.0000000e+00	
  -6.0578941e-22	   9.1725117e-23	   0.0000000e+00	   6.8777959e-23	  -1.5791671e-22	   0.0000000e+00	   5.3701145e-22	   6.6191597e-23	   0.0000000e+00	
  -5.5653416e-22	   7.1004618e-23	   0.0000000e+00	   6.9401073e-23	  -1.3104970e-22	   0.0000000e+00	   4.8713309e-22	   6.0045080e-23	   0.0000000e+00	
  -5.9234117e-22	   9.6261761e-23	   0.0000000e+00	   8.2528414e-23	  -1.5910205e-22	   0.0000000e+00	   5.0981275e-22	   6.2840293e-23	   0.0000000e+00	
  -6.0065196e-22	   6.9076105e-23	   0.0000000e+00	   4.1302067e-23	  -1.3801988e-22	   0.0000000e+00	   5.5934989e-22	   6.8943776e-23	   0.0000000e+00	
  -5.7299137e-22	   9.7078359e-23	   0.0000000e+00	   9.5048922e-23	  -1.5599198e-22	   0.0000000e+00	   4.7794245e-22	   5.8913624e-23	   0.0000000e+00	
  -5.7519893e-22	   6.8460305e-23	   0.0000000e+00	   5.5052434e-23	  -1.3257310e-22	   0.0000000e+00	   5.2014650e-22	   6.4112793e-23	   0.0000000e+00	
  -5.7462800e-22	   1.0469372e-22	   0.0000000e+00	   1.0361377e-22	  -1.6275396e-22	   0.0000000e+00	   4.7101423e-22	   5.8060246e-23	   0.0000000e+00	
  -5.9235962e-22	   9.1506042e-23	   0.0000000e+00	   7.6439722e-23	  -1.5509872e-22	   0.0000000e+00	   5.1591990e-22	   6.3592673e-23	   0.0000000e+00	
  -5.9884270e-22	   9.6744263e-23	   0.0000000e+00	   7.9272496e-23	  -1.6078685e-22	   0.0000000e+00	   5.1957020e-22	   6.4042583e-23	   0.0000000e+00	
  -5.7289748e-22	   7.5818597e-23	   0.0000000e+00	   6.6776929e-23	  -1.3820336e-22	   0.0000000e+00	   5.0612055e-22	   6.2384765e-23	   0.0000000e+00	
  -6.0836203e-22	   9.5440077e-23	   0.0000000e+00	   7.1968765e-23	  -1.6155558e-22	   0.0000000e+00	   5.3639326e-22	   6.6115504e-23	   0.0000000e+00	
  -5.7259076e-22	   7.4555504e-23	   0.0000000e+00	   6.5190315e-23	  -1.3709793e-22	   0.0000000e+00	   5.0740044e-22	   6.2542426e-23	   0.0000000e+00	
  -5.9775751e-22	   7.7782134e-23	   0.0000000e+00	   5.5061146e-23	  -1.4467392e-22	   0.0000000e+00	   5.4269637e-22	   6.6891782e-23	   0.0000000e+00	
  -5.9775095e-22	   7.9483382e-23	   0.0000000e+00	   5.7377020e-23	  -1.4608902e-22	   0.0000000e+00	   5.4037393e-22	   6.6605638e-23	   0.0000000e+00	
  -5.8635596e-22	   9.3732047e-23	   0.0000000e+00	   8.2854481e-23	  -1.5579464e-22	   0.0000000e+00	   5.0350148e-22	   6.2062594e-23	   0.0000000e+00	
  -6.0364885e-22	   1.0397900e-22	   0.0000000e+00	   8.5355470e-23	  -1.6786441e-22	   0.0000000e+00	   5.1829338e-22	   6.3885411e-23	   0.0000000e+00	
  -5.8483232e-22	   8.1688411e-23	   0.0000000e+00	   6.7894682e-23	  -1.4540622e-22	   0.0000000e+00	   5.1693764e-22	   6.3717809e-23	   0.0000000e+00	
  -5.9665970e-22	   8.0680572e-23	   0.0000000e+00	   5.9631333e-23	  -1.4687398e-22	   0.0000000e+00	   5.3702837e-22	   6.6193410e-23	   0.0000000e+00	
  -6.0714574e-22	   8.7850188e-23	   0.0000000e+00	   6.2974637e-23	  -1.5492394e-22	   0.0000000e+00	   5.4417111e-22	   6.7073757e-23	   0.0000000e+00	
  -5.8800466e-22	   7.3987025e-23	   0.0000000e+00	   5.5488675e-23	  -1.3962421e-22	   0.0000000e+00	   5.3251598e-22	   6.5637185e-23	   0.0000000e+00	
  -6.0194989e-22	   1.0698553e-22	   0.0000000e+00	   9.0014093e-23	  -1.7008764e-22	   0.0000000e+00	   5.1193579e-22	   6.3102113e-23	   0.0000000e+00	
  -5.8264322e-22	   1.0297241e-22	   0.0000000e+00	   9.6698000e-23	  -1.6287214e-22	   0.0000000e+00	   4.8594522e-22	   5.9899729e-23	   0.0000000e+00	
  -5.7458570e-22	   1.0216631e-22	   0.0000000e+00	   1.0050845e-22	  -1.6060387e-22	   0.0000000e+00	   4.7407726e-22	   5.8437553e-23	   0.0000000e+00	
  -5.9530484e-22	   7.6576333e-23	   0.0000000e+00	   5.4837325e-23	  -1.4319343e-22	   0.0000000e+00	   5.4046752e-22	   6.6617095e-23	   0.0000000e+00	
  -5.9268522e-22	   5.7914535e-23	   0.0000000e+00	   2.9698183e-23	  -1.2730625e-22	   0.0000000e+00	   5.6298704e-22	   6.9391715e-23	   0.0000000e+00	
  -5.7746298e-22	   7.2066145e-23	   0.0000000e+00	   5.8880837e-23	  -1.3598629e-22	   0.0000000e+00	   5.1858215e-22	   6.3920148e-23	   0.0000000e+00	
  -5.8863504e-22	   9.2055979e-23	   0.0000000e+00	   7.9350284e-23	  -1.5483111e-22	   0.0000000e+00	   5.0928476e-22	   6.2775130e-23	   0.0000000e+00	
  -5.9059175e-22	   7.4252802e-23	   0.0000000e+00	   5.4361769e-23	  -1.4034766e-22	   0.0000000e+00	   5.3622998e-22	   6.6094853e-23	   0.0000000e+00	
  -5.6016707e-22	   9.3708873e-23	   0.0000000e+00	   9.8295869e-23	  -1.5064248e-22	   0.0000000e+00	   4.6187120e-22	   5.6933602e-23	   0.0000000e+00	
  -5.7167123e-22	   7.5976029e-23	   0.0000000e+00	   6.7705395e-23	  -1.3809530e-22	   0.0000000e+00	   5.0396584e-22	   6.2119275e-23	   0.0000000e+00	
  -5.5304888e-22	   9.2804693e-23	   0.0000000e+00	   1.0130867e-22	  -1.4849024e-22	   0.0000000e+00	   4.5174022e-22	   5.5685546e-23	   0.0000000e+00	
  -5.8879005e-22	   8.1985958e-23	   0.0000000e+00	   6.5985417e-23	  -1.4642671e-22	   0.0000000e+00	   5.2280464e-22	   6.4440750e-23	   0.0000000e+00	
  -5.8978960e-22	   9.1393908e-23	   0.0000000e+00	   7.7812973e-23	  -1.5450070e-22	   0.0000000e+00	   5.1197663e-22	   6.3106793e-23	   0.0000000e+00	
  -5.6700097e-22	   5.9668449e-23	   0.0000000e+00	   4.6863648e-23	  -1.2377981e-22	   0.0000000e+00	   5.2013732e-22	   6.4111361e-23	   0.0000000e+00	
  -5.9316599e-22	   1.0587766e-22	   0.0000000e+00	   9.3954174e-23	  -1.6741200e-22	   0.0000000e+00	   4.9921182e-22	   6.1534336e-23	   0.0000000e+00	
  -5.5050665e-22	   8.6529149e-23	   0.0000000e+00	   9.4461161e-23	  -1.4274485e-22	   0.0000000e+00	   4.5604549e-22	   5.6215701e-23	   0.0000000e+00	
  -6.0438032e-22	   8.9434477e-23	   0.0000000e+00	   6.6662077e-23	  -1.5571311e-22	   0.0000000e+00	   5.3771824e-22	   6.6278637e-23	   0.0000000e+00	
  -5.9533056e-22	   1.1421469e-22	   0.0000000e+00	   1.0258728e-22	  -1.7495219e-22	   0.0000000e+00	   4.9274327e-22	   6.0737502e-23	   0.0000000e+00	
  -5.8744730e-22	   8.5411635e-23	   0.0000000e+00	   7.1351506e-23	  -1.4902582e-22	   0.0000000e+00	   5.1609579e-22	   6.3614184e-23	   0.0000000e+00	
  -6.1261634e-22	   1.0073259e-22	   0.0000000e+00	   7.6012401e-23	  -1.6687417e-22	   0.0000000e+00	   5.3660394e-22	   6.6141575e-23	   0.0000000e+00	
  -5.8919173e-22	   7.9593844e-23	   0.0000000e+00	   6.2514902e-23	  -1.4451166e-22	   0.0000000e+00	   5.2667683e-22	   6.4917821e-23	   0.0000000e+00	
  -5.8333677e-22	   1.0242978e-22	   0.0000000e+00	   9.5612355e-23	  -1.6254870e-22	   0.0000000e+00	   4.8772441e-22	   6.0118923e-23	   0.0000000e+00	
  -5.8606693e-22	   9.3019651e-23	   0.0000000e+00	   8.2110178e-23	  -1.5513832e-22	   0.0000000e+00	   5.0395675e-22	   6.2118670e-23	   0.0000000e+00	
  -5.8118560e-22	   8.6149722e-23	   0.0000000e+00	   7.6002910e-23	  -1.4841925e-22	   0.0000000e+00	   5.0518269e-22	   6.2269532e-23	   0.0000000e+00	
  -5.9601717e-22	   7.9472319e-23	   0.0000000e+00	   5.8372847e-23	  -1.4574160e-22	   0.0000000e+00	   5.3764432e-22	   6.6269280e-23	   0.0000000e+00	
  -6.1069486e-22	   9.1410239e-23	   0.0000000e+00	   6.5469915e-23	  -1.5861394e-22	   0.0000000e+00	   5.4522495e-22	   6.7203698e-23	   0.0000000e+00	
  -5.5488920e-22	   7.3639368e-23	   0.0000000e+00	   7.4101178e-23	  -1.3290279e-22	   0.0000000e+00	   4.8078803e-22	   5.9263426e-23	   0.0000000e+00	
  -5.5596849e-22	   7.3877951e-23	   0.0000000e+00	   7.3818309e-23	  -1.3330921e-22	   0.0000000e+00	   4.8215018e-22	   5.9431261e-23	   0.0000000e+00	
  -5.9826102e-22	   9.9847578e-23	   0.0000000e+00	   8.3499031e-23	  -1.6329778e-22	   0.0000000e+00	   5.1476199e-22	   6.3450198e-23	   0.0000000e+00	
  -5.9245603e-22	   9.5360785e-23	   0.0000000e+00	   8.1318190e-23	  -1.5836433e-22	   0.0000000e+00	   5.1113784e-22	   6.3003542e-23	   0.0000000e+00	
  -5.9455540e-22	   9.3631637e-23	   0.0000000e+00	   7.7870636e-23	  -1.5731861e-22	   0.0000000e+00	   5.1668477e-22	   6.3686972e-23	   0.0000000e+00	
  -5.6240508e-22	   8.1889656e-23	   0.0000000e+00	   8.1234606e-23	  -1.4120052e-22	   0.0000000e+00	   4.8117048e-22	   5.9310861e-23	   0.0000000e+00	
  -5.6247843e-22	   8.8498939e-23	   0.0000000e+00	   9.0090544e-23	  -1.4672799e-22	   0.0000000e+00	   4.7238788e-22	   5.8229055e-23	   0.0000000e+00	
  -5.6360641e-22	   6.3602602e-23	   0.0000000e+00	   5.4617127e-23	  -1.2634041e-22	   0.0000000e+00	   5.0898928e-22	   6.2737808e-23	   0.0000000e+00	
  -5.8583834e-22	   6.3557108e-23	   0.0000000e+00	   4.1883951e-23	  -1.3060352e-22	   0.0000000e+00	   5.4395439e-22	   6.7046415e-23	   0.0000000e+00	
  -5.9934384e-22	   9.0548590e-23	   0.0000000e+00	   7.1077067e-23	  -1.5566262e-22	   0.0000000e+00	   5.2826677e-22	   6.5114026e-23	   0.0000000e+00	
  -5.6849756e-22	   6.9650205e-23	   0.0000000e+00	   6.0600177e-23	  -1.3225369e-22	   0.0000000e+00	   5.0789738e-22	   6.2603487e-23	   0.0000000e+00	
  -5.8008516e-22	   8.8390398e-23	   0.0000000e+00	   7.9611501e-23	  -1.5007978e-22	   0.0000000e+00	   5.0047366e-22	   6.1689382e-23	   0.0000000e+00	
  -5.4508042e-22	   6.4253651e-23	   0.0000000e+00	   6.6103977e-23	  -1.2329347e-22	   0.0000000e+00	   4.7897644e-22	   5.9039815e-23	   0.0000000e+00	
  -5.9256722e-22	   7.7204069e-23	   0.0000000e+00	   5.7288786e-23	  -1.4318175e-22	   0.0000000e+00	   5.3527843e-22	   6.5977680e-23	   0.0000000e+00	
  -5.8532166e-22	   6.9843529e-23	   0.0000000e+00	   5.1212274e-23	  -1.3567694e-22	   0.0000000e+00	   5.3410939e-22	   6.5833413e-23	   0.0000000e+00	
  -5.8865143e-22	   9.4180591e-23	   0.0000000e+00	   8.2069851e-23	  -1.5662271e-22	   0.0000000e+00	   5.0658158e-22	   6.2442115e-23	   0.0000000e+00	
  -5.9064419e-22	   8.4990478e-23	   0.0000000e+00	   6.8917868e-23	  -1.4929844e-22	   0.0000000e+00	   5.2172632e-22	   6.4307962e-23	   0.0000000e+00	
  -5.9211587e-22	   8.9122715e-23	   0.0000000e+00	   7.3491175e-23	  -1.5304861e-22	   0.0000000e+00	   5.1862470e-22	   6.3925892e-23	   0.0000000e+00	
  -5.8353117e-22	   6.6551097e-23	   0.0000000e+00	   4.7535527e-23	  -1.3261685e-22	   0.0000000e+00	   5.3599564e-22	   6.6065753e-23	   0.0000000e+00	
  -5.9332800e-22	   6.4619421e-23	   0.0000000e+00	   3.9143622e-23	  -1.3292652e-22	   0.0000000e+00	   5.5418438e-22	   6.8307101e-23	   0.0000000e+00	
  -5.3818471e-22	   7.0258778e-23	   0.0000000e+00	   7.8829228e-23	  -1.2688156e-22	   0.0000000e+00	   4.5935548e-22	   5.6622779e-23	   0.0000000e+00	
  -5.9234897e-22	   1.0203191e-22	   0.0000000e+00	   8.9735327e-23	  -1.6398531e-22	   0.0000000e+00	   5.0261364e-22	   6.1953398e-23	   0.0000000e+00	
  -5.9055344e-22	   9.4702445e-23	   0.0000000e+00	   8.1609048e-23	  -1.5743570e-22	   0.0000000e+00	   5.0894439e-22	   6.2733259e-23	   0.0000000e+00	
  -5.6577288e-22	   9.1001033e-23	   0.0000000e+00	   9.1457618e-23	  -1.4946762e-22	   0.0000000e+00	   4.7431527e-22	   5.8466585e-23	   0.0000000e+00	
  -5.6963984e-22	   7.4309944e-23	   0.0000000e+00	   6.6549357e-23	  -1.3632130e-22	   0.0000000e+00	   5.0309049e-22	   6.2011360e-23	   0.0000000e+00	
  -5.8279996e-22	   6.7835858e-23	   0.0000000e+00	   4.9799023e-23	  -1.3353262e-22	   0.0000000e+00	   5.3300093e-22	   6.5696761e-23	   0.0000000e+00	
  -5.8408449e-22	   1.0177744e-22	   0.0000000e+00	   9.4357140e-23	  -1.6214312e-22	   0.0000000e+00	   4.8972735e-22	   6.0365683e-23	   0.0000000e+00	
  -5.5469402e-22	   9.7417395e-23	   0.0000000e+00	   1.0632069e-22	  -1.5268831e-22	   0.0000000e+00	   4.4837333e-22	   5.5270918e-23	   0.0000000e+00	
  -5.5338119e-22	   7.1099765e-23	   0.0000000e+00	   7.1345263e-23	  -1.3051684e-22	   0.0000000e+00	   4.8203593e-22	   5.9417071e-23	   0.0000000e+00	
  -6.0809568e-22	   1.0930057e-22	   0.0000000e+00	   8.9076904e-23	  -1.7327546e-22	   0.0000000e+00	   5.1901878e-22	   6.3974894e-23	   0.0000000e+00	
  -5.4811472e-22	   6.0315881e-23	   0.0000000e+00	   5.8515296e-23	  -1.2066438e-22	   0.0000000e+00	   4.8959942e-22	   6.0348503e-23	   0.0000000e+00	
  -6.0297606e-22	   8.8646539e-23	   0.0000000e+00	   6.6468992e-23	  -1.5477591e-22	   0.0000000e+00	   5.3650706e-22	   6.6129372e-23	   0.0000000e+00	
  -5.8371900e-22	   9.6714666e-23	   0.0000000e+00	   8.8222066e-23	  -1.5779109e-22	   0.0000000e+00	   4.9549693e-22	   6.1076421e-23	   0.0000000e+00	
  -5.9001569e-22	   8.7434645e-23	   0.0000000e+00	   7.2516750e-23	  -1.5122178e-22	   0.0000000e+00	   5.1749894e-22	   6.3787133e-23	   0.0000000e+00	
  -5.6227889e-22	   7.2254125e-23	   0.0000000e+00	   6.7885253e-23	  -1.3319384e-22	   0.0000000e+00	   4.9439364e-22	   6.0939710e-23	   0.0000000e+00	
  -5.9736820e-22	   8.8161079e-23	   0.0000000e+00	   6.9141963e-23	  -1.5327005e-22	   0.0000000e+00	   5.2822624e-22	   6.5108972e-23	   0.0000000e+00	
  -5.5439230e-22	   8.5826226e-23	   0.0000000e+00	   9.1245116e-23	  -1.4291677e-22	   0.0000000e+00	   4.6314719e-22	   5.7090546e-23	   0.0000000e+00	
  -6.1155700e-22	   8.5563385e-23	   0.0000000e+00	   5.7390156e-23	  -1.5386884e-22	   0.0000000e+00	   5.5416685e-22	   6.8305456e-23	   0.0000000e+00	
  -5.7703362e-22	   8.1312443e-23	   0.0000000e+00	   7.1932503e-23	  -1.4357178e-22	   0.0000000e+00	   5.0510112e-22	   6.2259334e-23	   0.0000000e+00	
  -5.8858518e-22	   9.3496236e-23	   0.0000000e+00	   8.1232631e-23	  -1.5603333e-22	   0.0000000e+00	   5.0735254e-22	   6.2537090e-23	   0.0000000e+00	
  -5.5443367e-22	   8.1006483e-23	   0.0000000e+00	   8.4656190e-23	  -1.3891368e-22	   0.0000000e+00	   4.6977748e-22	   5.7907195e-23	   0.0000000e+00	
  -5.6716776e-22	   6.5963626e-23	   0.0000000e+00	   5.6041121e-23	  -1.2896489e-22	   0.0000000e+00	   5.1112664e-22	   6.3001262e-23	   0.0000000e+00	
  -5.9428913e-22	   9.9198327e-23	   0.0000000e+00	   8.5059615e-23	  -1.6196683e-22	   0.0000000e+00	   5.0922952e-22	   6.2768498e-23	   0.0000000e+00	
  -5.7635023e-22	   1.0250066e-22	   0.0000000e+00	   9.9871581e-23	  -1.6123407e-22	   0.0000000e+00	   4.7647865e-22	   5.8733412e-23	   0.0000000e+00	
  -6.0379243e-22	   9.6884806e-23	   0.0000000e+00	   7.6503496e-23	  -1.6187849e-22	   0.0000000e+00	   5.2728893e-22	   6.4993683e-23	   0.0000000e+00	
  -5.9261275e-22	   5.7611670e-23	   0.0000000e+00	   2.9289771e-23	  -1.2704478e-22	   0.0000000e+00	   5.6332298e-22	   6.9433107e-23	   0.0000000e+00	
  -6.0795260e-22	   8.9927918e-23	   0.0000000e+00	   6.5189006e-23	  -1.5682828e-22	   0.0000000e+00	   5.4276360e-22	   6.6900363e-23	   0.0000000e+00	
  -5.6920473e-22	   6.9354421e-23	   0.0000000e+00	   5.9770946e-23	  -1.3214721e-22	   0.0000000e+00	   5.0943379e-22	   6.2792791e-23	   0.0000000e+00	
  -6.0382750e-22	   9.7750849e-23	   0.0000000e+00	   7.7566912e-23	  -1.6261784e-22	   0.0000000e+00	   5.2626059e-22	   6.4866989e-23	   0.0000000e+00	
  -5.9916030e-22	   9.9177321e-23	   0.0000000e+00	   8.2128877e-23	  -1.6290714e-22	   0.0000000e+00	   5.1703142e-22	   6.3729815e-23	   0.0000000e+00	
  -6.0312207e-22	   9.9788699e-23	   0.0000000e+00	   8.0523935e-23	  -1.6420445e-22	   0.0000000e+00	   5.2259813e-22	   6.4415747e-23	   0.0000000e+00	
  -5.7024522e-22	   1.1666807e-22	   0.0000000e+00	   1.2065029e-22	  -1.7208979e-22	   0.0000000e+00	   4.4959493e-22	   5.5421721e-23	   0.0000000e+00	
  -5.5064213e-22	   6.5825644e-23	   0.0000000e+00	   6.5259309e-23	  -1.2565485e-22	   0.0000000e+00	   4.8538282e-22	   5.9829211e-23	   0.0000000e+00	
  -5.8473039e-22	   9.1909538e-23	   0.0000000e+00	   8.1467565e-23	  -1.5394268e-22	   0.0000000e+00	   5.0326282e-22	   6.2033140e-23	   0.0000000e+00	
  -6.1262763e-22	   1.0762014e-22	   0.0000000e+00	   8.4343380e-23	  -1.7273668e-22	   0.0000000e+00	   5.2828425e-22	   6.5116542e-23	   0.0000000e+00	
  -5.9056938e-22	   8.5369084e-23	   0.0000000e+00	   6.9464161e-23	  -1.4960052e-22	   0.0000000e+00	   5.2110522e-22	   6.4231440e-23	   0.0000000e+00	
  -5.8322661e-22	   8.6203485e-23	   0.0000000e+00	   7.4877431e-23	  -1.4886318e-22	   0.0000000e+00	   5.0834918e-22	   6.2659693e-23	   0.0000000e+00	
  -5.3848189e-22	   7.9640664e-23	   0.0000000e+00	   9.2003613e-23	  -1.3467755e-22	   0.0000000e+00	   4.4647828e-22	   5.5036887e-23	   0.0000000e+00	
  -5.7403648e-22	   1.0491602e-22	   0.0000000e+00	   1.0424136e-22	  -1.6282608e-22	   0.0000000e+00	   4.6979512e-22	   5.7910059e-23	   0.0000000e+00	
  -6.0798205e-22	   8.7052012e-23	   0.0000000e+00	   6.1441785e-23	  -1.5441769e-22	   0.0000000e+00	   5.4654026e-22	   6.7365681e-23	   0.0000000e+00	
  -6.0097782e-22	   1.0322307e-22	   0.0000000e+00	   8.6034647e-23	  -1.6669567e-22	   0.0000000e+00	   5.1494318e-22	   6.3472595e-23	   0.0000000e+00	
  -5.7120640e-22	   7.0006222e-23	   0.0000000e+00	   5.9554827e-23	  -1.3307231e-22	   0.0000000e+00	   5.1165157e-22	   6.3066088e-23	   0.0000000e+00	
  -5.6831946e-22	   7.3767892e-23	   0.0000000e+00	   6.6548865e-23	  -1.3561660e-22	   0.0000000e+00	   5.0177059e-22	   6.1848709e-23	   0.0000000e+00	
  -6.2701592e-22	   8.1025707e-23	   0.0000000e+00	   4.2326875e-23	  -1.5309239e-22	   0.0000000e+00	   5.8468905e-22	   7.2066682e-23	   0.0000000e+00	
  -5.7586422e-22	   8.9848336e-23	   0.0000000e+00	   8.4008944e-23	  -1.5047589e-22	   0.0000000e+00	   4.9185528e-22	   6.0627552e-23	   0.0000000e+00	
  -5.6983849e-22	   7.1589142e-23	   0.0000000e+00	   6.2594226e-23	  -1.3411222e-22	   0.0000000e+00	   5.0724427e-22	   6.2523080e-23	   0.0000000e+00	
  -5.9733918e-22	   9.0064250e-23	   0.0000000e+00	   7.1634438e-23	  -1.5486257e-22	   0.0000000e+00	   5.2570475e-22	   6.4798318e-23	   0.0000000e+00	
  -6.0095522e-22	   7.8962878e-23	   0.0000000e+00	   5.4803714e-23	  -1.4628046e-22	   0.0000000e+00	   5.4615151e-22	   6.7317581e-23	   0.0000000e+00	
  -5.9742858e-22	   1.0462345e-22	   0.0000000e+00	   8.9871377e-23	  -1.6718602e-22	   0.0000000e+00	   5.0755720e-22	   6.2562562e-23	   0.0000000e+00	
  -5.9993803e-22	   8.4595986e-23	   0.0000000e+00	   6.2943465e-23	  -1.5078533e-22	   0.0000000e+00	   5.3699457e-22	   6.6189345e-23	   0.0000000e+00	
  -6.0291704e-22	   8.7636414e-23	   0.0000000e+00	   6.5188376e-23	  -1.5391629e-22	   0.0000000e+00	   5.3772866e-22	   6.6279879e-23	   0.0000000e+00	
  -5.7690409e-22	   7.1624632e-23	   0.0000000e+00	   5.8578972e-23	  -1.3551309e-22	   0.0000000e+00	   5.1832512e-22	   6.3888462e-23	   0.0000000e+00	
  -5.4007021e-22	   6.2855148e-23	   0.0000000e+00	   6.6865609e-23	  -1.2118377e-22	   0.0000000e+00	   4.7320461e-22	   5.8328621e-23	   0.0000000e+00	
  -5.6415797e-22	   4.8487262e-23	   0.0000000e+00	   3.1411934e-23	  -1.1415199e-22	   0.0000000e+00	   5.3274604e-22	   6.5664730e-23	   0.0000000e+00	
  -6.0906078e-22	   1.1487926e-22	   0.0000000e+00	   9.5035782e-23	  -1.7823893e-22	   0.0000000e+00	   5.1402500e-22	   6.3359672e-23	   0.0000000e+00	
  -6.1500004e-22	   9.1553466e-23	   0.0000000e+00	   6.3101963e-23	  -1.5957948e-22	   0.0000000e+00	   5.5189807e-22	   6.8026009e-23	   0.0000000e+00	
  -5.8825108e-22	   1.0917219e-22	   0.0000000e+00	   1.0088561e-22	  -1.6924703e-22	   0.0000000e+00	   4.8736548e-22	   6.0074836e-23	   0.0000000e+00	
  -5.8259553e-22	   8.3410545e-23	   0.0000000e+00	   7.1519993e-23	  -1.4640609e-22	   0.0000000e+00	   5.1107553e-22	   6.2995542e-23	   0.0000000e+00	
  -5.5535807e-22	   6.2919668e-23	   0.0000000e+00	   5.8295659e-23	  -1.2418784e-22	   0.0000000e+00	   4.9706241e-22	   6.1268169e-23	   0.0000000e+00	
  -5.3844740e-22	   7.2266521e-23	   0.0000000e+00	   8.1578169e-23	  -1.2858311e-22	   0.0000000e+00	   4.5686923e-22	   5.6316587e-23	   0.0000000e+00	
  -5.5171412e-22	   6.9878507e-23	   0.0000000e+00	   7.0543529e-23	  -1.2918891e-22	   0.0000000e+00	   4.8117059e-22	   5.9310403e-23	   0.0000000e+00	
  -5.1740431e-22	   5.2848297e-23	   0.0000000e+00	   6.4293623e-23	  -1.0870075e-22	   0.0000000e+00	   4.5311068e-22	   5.5852457e-23	   0.0000000e+00	
  -6.1805286e-22	   9.2633773e-23	   0.0000000e+00	   6.2664698e-23	  -1.6108988e-22	   0.0000000e+00	   5.5538816e-22	   6.8456109e-23	   0.0000000e+00	
  -5.7581918e-22	   7.0803478e-23	   0.0000000e+00	   5.8039645e-23	  -1.3462469e-22	   0.0000000e+00	   5.1777954e-22	   6.3821208e-23	   0.0000000e+00	
  -5.9742727e-22	   8.8869214e-23	   0.0000000e+00	   7.0030498e-23	  -1.5387600e-22	   0.0000000e+00	   5.2739678e-22	   6.5006782e-23	   0.0000000e+00	
  -5.8951857e-22	   8.7359137e-23	   0.0000000e+00	   7.2709676e-23	  -1.5106124e-22	   0.0000000e+00	   5.1680890e-22	   6.3702105e-23	   0.0000000e+00	
  -5.9288057e-22	   7.3469064e-23	   0.0000000e+00	   5.1947214e-23	  -1.4014348e-22	   0.0000000e+00	   5.4093335e-22	   6.6674415e-23	   0.0000000e+00	
  -6.2219656e-22	   1.0150976e-22	   0.0000000e+00	   7.1223050e-23	  -1.6942203e-22	   0.0000000e+00	   5.5097351e-22	   6.7912276e-23	   0.0000000e+00	
  -5.8187601e-22	   9.1030309e-23	   0.0000000e+00	   8.2011365e-23	  -1.5264473e-22	   0.0000000e+00	   4.9986465e-22	   6.1614419e-23	   0.0000000e+00	
  -5.4818541e-22	   6.4336173e-23	   0.0000000e+00	   6.4463127e-23	  -1.2396072e-22	   0.0000000e+00	   4.8372228e-22	   5.9624549e-23	   0.0000000e+00	
  -6.0019082e-22	   8.2215020e-23	   0.0000000e+00	   5.9627507e-23	  -1.4884407e-22	   0.0000000e+00	   5.4056331e-22	   6.6629046e-23	   0.0000000e+00	
  -6.2117957e-22	   8.5919892e-23	   0.0000000e+00	   5.2188532e-23	  -1.5605215e-22	   0.0000000e+00	   5.6899103e-22	   7.0132255e-23	   0.0000000e+00	
  -5.7459767e-22	   7.8502906e-23	   0.0000000e+00	   6.9508070e-23	  -1.4076073e-22	   0.0000000e+00	   5.0508960e-22	   6.2257825e-23	   0.0000000e+00	
  -5.7636029e-22	   9.2095010e-23	   0.0000000e+00	   8.6648060e-23	  -1.5245859e-22	   0.0000000e+00	   4.8971223e-22	   6.0363577e-23	   0.0000000e+00	
  -6.0469588e-22	   1.0374545e-22	   0.0000000e+00	   8.4443059e-23	  -1.6787230e-22	   0.0000000e+00	   5.2025282e-22	   6.4126844e-23	   0.0000000e+00	
  -5.7461973e-22	   9.4084583e-23	   0.0000000e+00	   9.0249511e-23	  -1.5379005e-22	   0.0000000e+00	   4.8437022e-22	   5.9705464e-23	   0.0000000e+00	
  -5.8503775e-22	   1.0346216e-22	   0.0000000e+00	   9.5870679e-23	  -1.6375885e-22	   0.0000000e+00	   4.8916707e-22	   6.0296690e-23	   0.0000000e+00	
  -6.1691899e-22	   1.1251991e-22	   0.0000000e+00	   8.7526651e-23	  -1.7777307e-22	   0.0000000e+00	   5.2939234e-22	   6.5253166e-23	   0.0000000e+00	
  -6.0029279e-22	   1.1049661e-22	   0.0000000e+00	   9.5206330e-23	  -1.7275486e-22	   0.0000000e+00	   5.0508646e-22	   6.2258246e-23	   0.0000000e+00	
  -5.9696541e-22	   8.9812675e-23	   0.0000000e+00	   7.1528931e-23	  -1.5457793e-22	   0.0000000e+00	   5.2543648e-22	   6.4765256e-23	   0.0000000e+00	
  -5.9537979e-22	   1.1059035e-22	   0.0000000e+00	   9.8282965e-23	  -1.7186419e-22	   0.0000000e+00	   4.9709682e-22	   6.1273837e-23	   0.0000000e+00	
  -5.7282631e-22	   6.1198871e-23	   0.0000000e+00	   4.5832846e-23	  -1.2615514e-22	   0.0000000e+00	   5.2699346e-22	   6.4956269e-23	   0.0000000e+00	
  -5.9032227e-22	   8.5522197e-23	   0.0000000e+00	   6.9812089e-23	  -1.4968032e-22	   0.0000000e+00	   5.2051018e-22	   6.4158124e-23	   0.0000000e+00	
  -6.0016258e-22	   9.3961642e-23	   0.0000000e+00	   7.4967555e-23	  -1.5869725e-22	   0.0000000e+00	   5.2519502e-22	   6.4735604e-23	   0.0000000e+00	
  -6.0647266e-22	   8.8457128e-23	   0.0000000e+00	   6.4160369e-23	  -1.5530184e-22	   0.0000000e+00	   5.4231229e-22	   6.6844716e-23	   0.0000000e+00	
  -5.9440184e-22	   7.9879535e-23	   0.0000000e+00	   5.9866328e-23	  -1.4576574e-22	   0.0000000e+00	   5.3453551e-22	   6.5886205e-23	   0.0000000e+00	
  -5.2960951e-22	   5.6613895e-23	   0.0000000e+00	   6.3310431e-23	  -1.1409140e-22	   0.0000000e+00	   4.6629908e-22	   5.7477501e-23	   0.0000000e+00	
  -6.1207317e-22	   8.2783465e-23	   0.0000000e+00	   5.3422530e-23	  -1.5164139e-22	   0.0000000e+00	   5.5865064e-22	   6.8857929e-23	   0.0000000e+00	
  -5.4746731e-22	   6.9246247e-23	   0.0000000e+00	   7.2057771e-23	  -1.2784683e-22	   0.0000000e+00	   4.7540954e-22	   5.8600581e-23	   0.0000000e+00	
  -5.4691271e-22	   7.9984090e-23	   0.0000000e+00	   8.7603999e-23	  -1.3660154e-22	   0.0000000e+00	   4.5930871e-22	   5.6617452e-23	   0.0000000e+00	
  -6.0908227e-22	   9.6101269e-23	   0.0000000e+00	   7.2371361e-23	  -1.6225593e-22	   0.0000000e+00	   5.3671091e-22	   6.6154660e-23	   0.0000000e+00	
  -5.6081390e-22	   7.4372999e-23	   0.0000000e+00	   7.1727388e-23	  -1.3465889e-22	   0.0000000e+00	   4.8908651e-22	   6.0285893e-23	   0.0000000e+00	
  -5.6262632e-22	   1.0204683e-22	   0.0000000e+00	   1.0748599e-22	  -1.5815146e-22	   0.0000000e+00	   4.5514034e-22	   5.6104630e-23	   0.0000000e+00	
  -5.7385403e-22	   7.4135526e-23	   0.0000000e+00	   6.3872584e-23	  -1.3699596e-22	   0.0000000e+00	   5.0998145e-22	   6.2860438e-23	   0.0000000e+00	
  -6.3410121e-22	   1.1078738e-22	   0.0000000e+00	   7.5090487e-23	  -1.7969021e-22	   0.0000000e+00	   5.5901072e-22	   6.8902836e-23	   0.0000000e+00	
  -6.1065646e-22	   9.9395211e-23	   0.0000000e+00	   7.5536158e-23	  -1.6535394e-22	   0.0000000e+00	   5.3512031e-22	   6.5958731e-23	   0.0000000e+00	
  -5.8045123e-22	   6.7471567e-23	   0.0000000e+00	   5.0623133e-23	  -1.3277734e-22	   0.0000000e+00	   5.2982810e-22	   6.5305772e-23	   0.0000000e+00	
  -5.7600252e-22	   9.8738557e-23	   0.0000000e+00	   9.5366630e-23	  -1.5798406e-22	   0.0000000e+00	   4.8063589e-22	   5.9245503e-23	   0.0000000e+00	
  -5.9707850e-22	   1.2045323e-22	   0.0000000e+00	   1.0872714e-22	  -1.8064970e-22	   0.0000000e+00	   4.8835136e-22	   6.0196475e-23	   0.0000000e+00	
  -5.6069256e-22	   4.3108221e-23	   0.0000000e+00	   2.4875659e-23	  -1.0915120e-22	   0.0000000e+00	   5.3581690e-22	   6.6042984e-23	   0.0000000e+00	
  -5.9825956e-22	   7.5819681e-23	   0.0000000e+00	   5.2082134e-23	  -1.4314038e-22	   0.0000000e+00	   5.4617743e-22	   6.7320695e-23	   0.0000000e+00	
  -5.8435582e-22	   6.4158803e-23	   0.0000000e+00	   4.3605040e-23	  -1.3081045e-22	   0.0000000e+00	   5.4075077e-22	   6.6651651e-23	   0.0000000e+00	
  -5.9724283e-22	   8.9558612e-23	   0.0000000e+00	   7.1035562e-23	  -1.5441884e-22	   0.0000000e+00	   5.2620726e-22	   6.4860226e-23	   0.0000000e+00	
  -5.7842038e-22	   1.0067277e-22	   0.0000000e+00	   9.6358585e-23	  -1.6009400e-22	   0.0000000e+00	   4.8206180e-22	   5.9421224e-23	   0.0000000e+00	
  -5.8399057e-22	   8.8867601e-23	   0.0000000e+00	   7.7941808e-23	  -1.5124392e-22	   0.0000000e+00	   5.0604876e-22	   6.2376322e-23	   0.0000000e+00	
  -6.0321417e-22	   8.3401397e-23	   0.0000000e+00	   5.9437720e-23	  -1.5042641e-22	   0.0000000e+00	   5.4377644e-22	   6.7025018e-23	   0.0000000e+00	
  -6.0982831e-22	   8.7902646e-23	   0.0000000e+00	   6.1460785e-23	  -1.5549352e-22	   0.0000000e+00	   5.4836752e-22	   6.7590869e-23	   0.0000000e+00	
  -5.7675311e-22	   6.8784169e-23	   0.0000000e+00	   5.4625036e-23	  -1.3314115e-22	   0.0000000e+00	   5.2212808e-22	   6.4356980e-23	   0.0000000e+00	
  -5.7299459e-22	   7.0130573e-23	   0.0000000e+00	   5.8705488e-23	  -1.3352166e-22	   0.0000000e+00	   5.1428910e-22	   6.3391090e-23	   0.0000000e+00	
  -5.9930611e-22	   9.6427928e-23	   0.0000000e+00	   7.8598608e-23	  -1.6061064e-22	   0.0000000e+00	   5.2070750e-22	   6.4182711e-23	   0.0000000e+00	
  -5.7010484e-22	   7.8422619e-23	   0.0000000e+00	   7.2004117e-23	  -1.3981931e-22	   0.0000000e+00	   4.9810072e-22	   6.1396692e-23	   0.0000000e+00	
  -6.1530383e-22	   1.0617764e-22	   0.0000000e+00	   8.1006064e-23	  -1.7203515e-22	   0.0000000e+00	   5.3429777e-22	   6.5857507e-23	   0.0000000e+00	
  -6.0026623e-22	   1.0014961e-22	   0.0000000e+00	   8.2676673e-23	  -1.6394822e-22	   0.0000000e+00	   5.1758956e-22	   6.3798608e-23	   0.0000000e+00	
  -5.7937788e-22	   7.0231510e-23	   0.0000000e+00	   5.5181131e-23	  -1.3484345e-22	   0.0000000e+00	   5.2419674e-22	   6.4611936e-23	   0.0000000e+00	
  -5.8686219e-22	   9.1376600e-23	   0.0000000e+00	   7.9519029e-23	  -1.5391248e-22	   0.0000000e+00	   5.0734316e-22	   6.2535879e-23	   0.0000000e+00	
  -5.9839483e-22	   9.5725813e-23	   0.0000000e+00	   7.8254300e-23	  -1.5983865e-22	   0.0000000e+00	   5.2014053e-22	   6.4112834e-23	   0.0000000e+00	
  -5.7713906e-22	   8.9700914e-23	   0.0000000e+00	   8.3065585e-23	  -1.5060176e-22	   0.0000000e+00	   4.9407348e-22	   6.0900849e-23	   0.0000000e+00	
  -6.0116437e-22	   7.3767944e-23	   0.0000000e+00	   4.7566801e-23	  -1.4200297e-22	   0.0000000e+00	   5.5359757e-22	   6.8235024e-23	   0.0000000e+00	
  -5.9263417e-22	   1.0150176e-22	   0.0000000e+00	   8.8909699e-23	  -1.6359202e-22	   0.0000000e+00	   5.0372447e-22	   6.2090255e-23	   0.0000000e+00	
  -6.2938418e-22	   1.2948425e-22	   0.0000000e+00	   9.8915630e-23	  -1.9487026e-22	   0.0000000e+00	   5.3046855e-22	   6.5386005e-23	   0.0000000e+00	
  -5.5257025e-22	   9.0712990e-23	   0.0000000e+00	   9.8836823e-23	  -1.4664401e-22	   0.0000000e+00	   4.5373343e-22	   5.5931021e-23	   0.0000000e+00	
  -6.0617516e-22	   9.1447108e-23	   0.0000000e+00	   6.8193352e-23	  -1.5775827e-22	   0.0000000e+00	   5.3798181e-22	   6.6311162e-23	   0.0000000e+00	
  -5.9761632e-22	   1.1009848e-22	   0.0000000e+00	   9.6348704e-23	  -1.7188619e-22	   0.0000000e+00	   5.0126761e-22	   6.1787712e-23	   0.0000000e+00	
  -5.8839305e-22	   7.7548997e-23	   0.0000000e+00	   6.0186945e-23	  -1.4265520e-22	   0.0000000e+00	   5.2820610e-22	   6.5106205e-23	   0.0000000e+00	
  -5.6681123e-22	   7.3629421e-23	   0.0000000e+00	   6.7223104e-23	  -1.3520921e-22	   0.0000000e+00	   4.9958812e-22	   6.1579792e-23	   0.0000000e+00	
  -5.9710740e-22	   8.6610820e-23	   0.0000000e+00	   6.7264213e-23	  -1.5191900e-22	   0.0000000e+00	   5.2984319e-22	   6.5308177e-23	   0.0000000e+00	
  -5.4589264e-22	   5.3464826e-23	   0.0000000e+00	   4.9339041e-23	  -1.1466989e-22	   0.0000000e+00	   4.9655360e-22	   6.1205068e-23	   0.0000000e+00	
  -5.6674573e-22	   7.3641470e-23	   0.0000000e+00	   6.7277834e-23	  -1.3520645e-22	   0.0000000e+00	   4.9946790e-22	   6.1564978e-23	   0.0000000e+00	
  -5.5716368e-22	   7.3903384e-23	   0.0000000e+00	   7.3166419e-23	  -1.3356222e-22	   0.0000000e+00	   4.8399727e-22	   5.9658836e-23	   0.0000000e+00	
  -5.7186205e-22	   1.0371805e-22	   0.0000000e+00	   1.0406145e-22	  -1.6138237e-22	   0.0000000e+00	   4.6780060e-22	   5.7664316e-23	   0.0000000e+00	
  -5.8466972e-22	   7.7072995e-23	   0.0000000e+00	   6.1694489e-23	  -1.4153462e-22	   0.0000000e+00	   5.2297523e-22	   6.4461628e-23	   0.0000000e+00	
  -5.8965594e-22	   6.9911610e-23	   0.0000000e+00	   4.8814749e-23	  -1.3657457e-22	   0.0000000e+00	   5.4084120e-22	   6.6662959e-23	   0.0000000e+00	
  -5.8055170e-22	   7.7582239e-23	   0.0000000e+00	   6.4785359e-23	  -1.4115560e-22	   0.0000000e+00	   5.1576634e-22	   6.3573358e-23	   0.0000000e+00	
  -5.6693217e-22	   7.8549312e-23	   0.0000000e+00	   7.4018720e-23	  -1.3930688e-22	   0.0000000e+00	   4.9291345e-22	   6.0757565e-23	   0.0000000e+00	
  -5.8038192e-22	   1.0604064e-22	   0.0000000e+00	   1.0182094e-22	  -1.6503067e-22	   0.0000000e+00	   4.7856099e-22	   5.8990032e-23	   0.0000000e+00	
  -5.6415980e-22	   8.2163197e-23	   0.0000000e+00	   8.0586585e-23	  -1.4177010e-22	   0.0000000e+00	   4.8357322e-22	   5.9606900e-23	   0.0000000e+00	
  -5.9827291e-22	   6.7564825e-23	   0.0000000e+00	   4.0528845e-23	  -1.3631067e-22	   0.0000000e+00	   5.5774407e-22	   6.8745848e-23	   0.0000000e+00	
  -5.9493553e-22	   9.6112656e-23	   0.0000000e+00	   8.0798620e-23	  -1.5948575e-22	   0.0000000e+00	   5.1413691e-22	   6.3373093e-23	   0.0000000e+00	
  -5.7187593e-22	   9.3707517e-23	   0.0000000e+00	   9.1384097e-23	  -1.5293514e-22	   0.0000000e+00	   4.8049183e-22	   5.9227623e-23	   0.0000000e+00	
  -5.7556124e-22	   9.9218829e-23	   0.0000000e+00	   9.6234814e-23	  -1.5830301e-22	   0.0000000e+00	   4.7932642e-22	   5.9084185e-23	   0.0000000e+00	
  -5.6489475e-22	   7.8074881e-23	   0.0000000e+00	   7.4543198e-23	  -1.3851678e-22	   0.0000000e+00	   4.9035155e-22	   6.0441896e-23	   0.0000000e+00	
  -5.6291871e-22	   6.5345382e-23	   0.0000000e+00	   5.7563481e-23	  -1.2763547e-22	   0.0000000e+00	   5.0535523e-22	   6.2290087e-23	   0.0000000e+00	
  -6.1798624e-22	   8.5933963e-23	   0.0000000e+00	   5.4088885e-23	  -1.5543852e-22	   0.0000000e+00	   5.6389735e-22	   6.9504554e-23	   0.0000000e+00	
  -5.8460770e-22	   8.4678017e-23	   0.0000000e+00	   7.2038942e-23	  -1.4785759e-22	   0.0000000e+00	   5.1256876e-22	   6.3179569e-23	   0.0000000e+00	
  -5.6347336e-22	   8.7332638e-23	   0.0000000e+00	   8.7955565e-23	  -1.4594726e-22	   0.0000000e+00	   4.7551780e-22	   5.8614622e-23	   0.0000000e+00	
  -5.6686428e-22	   7.9949720e-23	   0.0000000e+00	   7.5986668e-23	  -1.4045650e-22	   0.0000000e+00	   4.9087761e-22	   6.0506778e-23	   0.0000000e+00	
  -5.7292008e-22	   9.2842748e-23	   0.0000000e+00	   8.9648105e-23	  -1.5241287e-22	   0.0000000e+00	   4.8327198e-22	   5.9570122e-23	   0.0000000e+00	
  -6.0612926e-22	   8.4464859e-23	   0.0000000e+00	   5.9135693e-23	  -1.5188634e-22	   0.0000000e+00	   5.4699357e-22	   6.7421480e-23	   0.0000000e+00	
  -6.1220830e-22	   7.9153755e-23	   0.0000000e+00	   4.8494691e-23	  -1.4863552e-22	   0.0000000e+00	   5.6371361e-22	   6.9481764e-23	   0.0000000e+00	
  -6.0330352e-22	   7.7338386e-23	   0.0000000e+00	   5.1228505e-23	  -1.4538587e-22	   0.0000000e+00	   5.5207501e-22	   6.8047488e-23	   0.0000000e+00	
  -5.4484384e-22	   4.9005088e-23	   0.0000000e+00	   4.2988787e-23	  -1.1086321e-22	   0.0000000e+00	   5.0185506e-22	   6.1858124e-23	   0.0000000e+00	
  -6.1753682e-22	   1.0144286e-22	   0.0000000e+00	   7.3935304e-23	  -1.6844671e-22	   0.0000000e+00	   5.4360151e-22	   6.7003856e-23	   0.0000000e+00	
  -5.9313139e-22	   9.6948351e-23	   0.0000000e+00	   8.2926019e-23	  -1.5983704e-22	   0.0000000e+00	   5.1020537e-22	   6.2888686e-23	   0.0000000e+00	
  -5.8184967e-22	   8.4951860e-23	   0.0000000e+00	   7.4019236e-23	  -1.4754760e-22	   0.0000000e+00	   5.0783043e-22	   6.2595738e-23	   0.0000000e+00	
  -5.9295790e-22	   1.2163563e-22	   0.0000000e+00	   1.1258397e-22	  -1.8084925e-22	   0.0000000e+00	   4.8037393e-22	   5.9213629e-23	   0.0000000e+00	
  -5.9513334e-22	   1.0406857e-22	   0.0000000e+00	   9.0570544e-23	  -1.6626218e-22	   0.0000000e+00	   5.0456280e-22	   6.2193601e-23	   0.0000000e+00	
  -5.6519519e-22	   7.9128931e-23	   0.0000000e+00	   7.5825920e-23	  -1.3944984e-22	   0.0000000e+00	   4.8936927e-22	   6.0320908e-23	   0.0000000e+00	
  -5.5946537e-22	   6.1913677e-23	   0.0000000e+00	   5.4474182e-23	  -1.2415877e-22	   0.0000000e+00	   5.0499119e-22	   6.2245098e-23	   0.0000000e+00	
  -5.6020780e-22	   7.0581418e-23	   0.0000000e+00	   6.6688123e-23	  -1.3141338e-22	   0.0000000e+00	   4.9351968e-22	   6.0831962e-23	   0.0000000e+00	
  -5.6405711e-22	   6.8826473e-23	   0.0000000e+00	   6.1962177e-23	  -1.3071497e-22	   0.0000000e+00	   5.0209494e-22	   6.1888493e-23	   0.0000000e+00	
  -5.6471197e-22	   9.6632955e-23	   0.0000000e+00	   9.9385372e-23	  -1.5399232e-22	   0.0000000e+00	   4.6532660e-22	   5.7359365e-23	   0.0000000e+00	
  -5.9387699e-22	   8.5803797e-23	   0.0000000e+00	   6.8098552e-23	  -1.5061109e-22	   0.0000000e+00	   5.2577844e-22	   6.4807290e-23	   0.0000000e+00	
  -5.8077466e-22	   1.0982128e-22	   0.0000000e+00	   1.0616508e-22	  -1.6832457e-22	   0.0000000e+00	   4.7460958e-22	   5.8503286e-23	   0.0000000e+00	
  -5.7409618e-22	   6.6950133e-23	   0.0000000e+00	   5.3511237e-23	  -1.3111690e-22	   0.0000000e+00	   5.2058494e-22	   6.4166769e-23	   0.0000000e+00	
  -5.7833727e-22	   9.1279108e-23	   0.0000000e+00	   8.4421511e-23	  -1.5216057e-22	   0.0000000e+00	   4.9391576e-22	   6.0881463e-23	   0.0000000e+00	
  -5.7347834e-22	   9.0301783e-23	   0.0000000e+00	   8.6007165e-23	  -1.5038920e-22	   0.0000000e+00	   4.8747118e-22	   6.0087412e-23	   0.0000000e+00	
  -5.4822083e-22	   8.3327040e-23	   0.0000000e+00	   9.1447938e-23	  -1.3963223e-22	   0.0000000e+00	   4.5677289e-22	   5.6305194e-23	   0.0000000e+00	
  -5.6313261e-22	   6.7241497e-23	   0.0000000e+00	   6.0201033e-23	  -1.2923302e-22	   0.0000000e+00	   5.0293158e-22	   6.1991522e-23	   0.0000000e+00	
  -6.1088806e-22	   9.9159195e-23	   0.0000000e+00	   7.5105803e-23	  -1.6519949e-22	   0.0000000e+00	   5.3578226e-22	   6.6040293e-23	   0.0000000e+00	
  -6.3276193e-22	   1.1227172e-22	   0.0000000e+00	   7.7625820e-23	  -1.8069713e-22	   0.0000000e+00	   5.5513611e-22	   6.8425402e-23	   0.0000000e+00	
  -6.0353854e-22	   9.7645937e-23	   0.0000000e+00	   7.7607945e-23	  -1.6247226e-22	   0.0000000e+00	   5.2593059e-22	   6.4826324e-23	   0.0000000e+00	
  -5.7187297e-22	   9.8121316e-23	   0.0000000e+00	   9.7038144e-23	  -1.5665211e-22	   0.0000000e+00	   4.7483482e-22	   5.8530790e-23	   0.0000000e+00	
  -5.6516752e-22	   6.7761817e-23	   0.0000000e+00	   5.9790978e-23	  -1.3005462e-22	   0.0000000e+00	   5.0537654e-22	   6.2292803e-23	   0.0000000e+00	
  -6.0870367e-22	   9.2558110e-23	   0.0000000e+00	   6.8115422e-23	  -1.5919047e-22	   0.0000000e+00	   5.4058825e-22	   6.6632364e-23	   0.0000000e+00	
  -6.0990110e-22	   1.0672547e-22	   0.0000000e+00	   8.4916070e-23	  -1.7143546e-22	   0.0000000e+00	   5.2498503e-22	   6.4709997e-23	   0.0000000e+00	
  -5.8515070e-22	   9.9787789e-23	   0.0000000e+00	   9.1241936e-23	  -1.6066861e-22	   0.0000000e+00	   4.9390876e-22	   6.0880819e-23	   0.0000000e+00	
  -5.9002709e-22	   8.7366837e-23	   0.0000000e+00	   7.2420879e-23	  -1.5116719e-22	   0.0000000e+00	   5.1760621e-22	   6.3800348e-23	   0.0000000e+00	
  -5.9468794e-22	   7.9567541e-23	   0.0000000e+00	   5.9276759e-23	  -1.4556164e-22	   0.0000000e+00	   5.3541119e-22	   6.5994103e-23	   0.0000000e+00	
  -5.8560022e-22	   9.5016493e-23	   0.0000000e+00	   8.4945572e-23	  -1.5672836e-22	   0.0000000e+00	   5.0065465e-22	   6.1711863e-23	   0.0000000e+00	
  -5.5921177e-22	   7.1771277e-23	   0.0000000e+00	   6.8960202e-23	  -1.3220062e-22	   0.0000000e+00	   4.9025157e-22	   6.0429339e-23	   0.0000000e+00	
  -5.5296582e-22	   6.6131706e-23	   0.0000000e+00	   6.4384601e-23	  -1.2635501e-22	   0.0000000e+00	   4.8858122e-22	   6.0223302e-23	   0.0000000e+00	
  -5.6954546e-22	   5.8894969e-23	   0.0000000e+00	   4.4268601e-23	  -1.2363963e-22	   0.0000000e+00	   5.2527685e-22	   6.4744659e-23	   0.0000000e+00	
  -5.8847585e-22	   8.0223904e-23	   0.0000000e+00	   6.3787610e-23	  -1.4489670e-22	   0.0000000e+00	   5.2468824e-22	   6.4672800e-23	   0.0000000e+00	
  -5.6582900e-22	   7.3845450e-23	   0.0000000e+00	   6.8093642e-23	  -1.3519696e-22	   0.0000000e+00	   4.9773536e-22	   6.1351513e-23	   0.0000000e+00	
  -5.7370446e-22	   1.0645638e-22	   0.0000000e+00	   1.0633063e-22	  -1.6406817e-22	   0.0000000e+00	   4.6737382e-22	   5.7611794e-23	   0.0000000e+00	
  -5.8414532e-22	   8.2853183e-23	   0.0000000e+00	   6.9865475e-23	  -1.4624354e-22	   0.0000000e+00	   5.1427985e-22	   6.3390353e-23	   0.0000000e+00	
  -5.9031958e-22	   9.8439895e-23	   0.0000000e+00	   8.6474986e-23	  -1.6054488e-22	   0.0000000e+00	   5.0384460e-22	   6.2104986e-23	   0.0000000e+00	
  -5.5465573e-22	   5.1346844e-23	   0.0000000e+00	   4.1161874e-23	  -1.1463925e-22	   0.0000000e+00	   5.1349386e-22	   6.3292407e-23	   0.0000000e+00	
  -5.9781005e-22	   7.3548663e-23	   0.0000000e+00	   4.9205531e-23	  -1.4116839e-22	   0.0000000e+00	   5.4860452e-22	   6.7619724e-23	   0.0000000e+00	
  -5.7674356e-22	   7.0622057e-23	   0.0000000e+00	   5.7250499e-23	  -1.3465440e-22	   0.0000000e+00	   5.1949306e-22	   6.4032346e-23	   0.0000000e+00	
  -5.8075688e-22	   9.9131664e-23	   0.0000000e+00	   9.3034845e-23	  -1.5925022e-22	   0.0000000e+00	   4.8772204e-22	   6.0118555e-23	   0.0000000e+00	
  -6.2208418e-22	   8.9018555e-23	   0.0000000e+00	   5.5661937e-23	  -1.5883432e-22	   0.0000000e+00	   5.6642225e-22	   6.9815762e-23	   0.0000000e+00	
  -6.0549426e-22	   1.2905376e-22	   0.0000000e+00	   1.1316772e-22	  -1.8974009e-22	   0.0000000e+00	   4.9232654e-22	   6.0686338e-23	   0.0000000e+00	
  -5.9935176e-22	   1.1569526e-22	   0.0000000e+00	   1.0187501e-22	  -1.7701599e-22	   0.0000000e+00	   4.9747675e-22	   6.1320731e-23	   0.0000000e+00	
  -6.1024878e-22	   1.0624804e-22	   0.0000000e+00	   8.4133715e-23	  -1.7109727e-22	   0.0000000e+00	   5.2611506e-22	   6.4849230e-23	   0.0000000e+00	
  -5.5672789e-22	   8.2223291e-23	   0.0000000e+00	   8.4992266e-23	  -1.4037177e-22	   0.0000000e+00	   4.7173563e-22	   5.8148482e-23	   0.0000000e+00	
  -5.4774341e-22	   4.3540711e-23	   0.0000000e+00	   3.2737365e-23	  -1.0701916e-22	   0.0000000e+00	   5.1500605e-22	   6.3478445e-23	   0.0000000e+00	
  -5.9104700e-22	   9.4425456e-23	   0.0000000e+00	   8.0963229e-23	  -1.5729910e-22	   0.0000000e+00	   5.1008377e-22	   6.2873642e-23	   0.0000000e+00	
  -6.1405682e-22	   8.0844504e-23	   0.0000000e+00	   4.9680376e-23	  -1.5040799e-22	   0.0000000e+00	   5.6437644e-22	   6.9563483e-23	   0.0000000e+00	
  -5.9975603e-22	   7.8995343e-23	   0.0000000e+00	   5.5546802e-23	  -1.4607358e-22	   0.0000000e+00	   5.4420922e-22	   6.7078238e-23	   0.0000000e+00	
  -6.1022021e-22	   1.0974917e-22	   0.0000000e+00	   8.8325858e-23	  -1.7407839e-22	   0.0000000e+00	   5.2189435e-22	   6.4329223e-23	   0.0000000e+00	
  -5.2212070e-22	   4.0495977e-23	   0.0000000e+00	   4.1975177e-23	  -9.9678620e-23	   0.0000000e+00	   4.8014553e-22	   5.9182643e-23	   0.0000000e+00	
  -5.8608629e-22	   7.7065840e-23	   0.0000000e+00	   6.0862554e-23	  -1.4180453e-22	   0.0000000e+00	   5.2522374e-22	   6.4738694e-23	   0.0000000e+00	
