  -5.8563789e-22	  -3.1748170e-23	   0.0000000e+00	   1.3606140e-22	  -2.3681065e-23	   0.0000000e+00	   4.4957649e-22	   5.5429235e-23	   0.0000000e+00	
  -5.8228494e-22	  -3.3502889e-23	   0.0000000e+00	   1.0769813e-22	  -2.4997205e-23	   0.0000000e+00	   4.7458682e-22	   5.8500094e-23	   0.0000000e+00	
  -5.9409837e-22	  -3.6853110e-23	   0.0000000e+00	   7.1902471e-23	  -2.7510802e-23	   0.0000000e+00	   5.2219590e-22	   6.4363913e-23	   0.0000000e+00	
  -6.5211876e-22	  -3.7995420e-23	   0.0000000e+00	   1.1430034e-22	  -2.8296041e-23	   0.0000000e+00	   5.3781842e-22	   6.6291461e-23	   0.0000000e+00	
  -6.2563287e-22	  -3.5524010e-23	   0.0000000e+00	   1.2271493e-22	  -2.6468501e-23	   0.0000000e+00	   5.0291794e-22	   6.1992511e-23	   0.0000000e+00	
  -6.1290286e-22	  -3.4437988e-23	   0.0000000e+00	   1.2531253e-22	  -2.5667011e-23	   0.0000000e+00	   4.8759033e-22	   6.0105000e-23	   0.0000000e+00	
  -6.3092465e-22	  -3.9127748e-23	   0.0000000e+00	   7.6711765e-23	  -2.9182118e-23	   0.0000000e+00	   5.5421289e-22	   6.8309866e-23	   0.0000000e+00	
  -6.3786561e-22	  -3.6999343e-23	   0.0000000e+00	   1.1407021e-22	  -2.7564226e-23	   0.0000000e+00	   5.2379540e-22	   6.4563569e-23	   0.0000000e+00	
  -6.4267286e-22	  -3.7858358e-23	   0.0000000e+00	   1.0669336e-22	  -2.8205924e-23	   0.0000000e+00	   5.3597950e-22	   6.6064282e-23	   0.0000000e+00	
  -6.2951213e-22	  -3.8171689e-23	   0.0000000e+00	   8.8911937e-23	  -2.8461010e-23	   0.0000000e+00	   5.4060019e-22	   6.6632699e-23	   0.0000000e+00	
  -6.2893334e-22	  -3.8583660e-23	   0.0000000e+00	   8.2453934e-23	  -2.8773320e-23	   0.0000000e+00	   5.4647941e-22	   6.7356980e-23	   0.0000000e+00	
  -6.3630407e-22	  -4.0704795e-23	   0.0000000e+00	   5.9666916e-23	  -3.0368324e-23	   0.0000000e+00	   5.7663715e-22	   7.1073119e-23	   0.0000000e+00	
  -6.1108415e-22	  -3.7507252e-23	   0.0000000e+00	   7.9746789e-23	  -2.7983540e-23	   0.0000000e+00	   5.3133736e-22	   6.5490792e-23	   0.0000000e+00	
  -5.9524548e-22	  -3.7413674e-23	   0.0000000e+00	   6.5071855e-23	  -2.7933200e-23	   0.0000000e+00	   5.3017362e-22	   6.5346874e-23	   0.0000000e+00	
  -6.4295057e-22	  -3.6821084e-23	   0.0000000e+00	   1.2175489e-22	  -2.7423019e-23	   0.0000000e+00	   5.2119569e-22	   6.4244103e-23	   0.0000000e+00	
  -6.3068038e-22	  -3.7235859e-23	   0.0000000e+00	   1.0343125e-22	  -2.7752393e-23	   0.0000000e+00	   5.2724913e-22	   6.4988251e-23	   0.0000000e+00	
  -6.1347139e-22	  -3.6056111e-23	   0.0000000e+00	   1.0283926e-22	  -2.6884508e-23	   0.0000000e+00	   5.1063213e-22	   6.2940619e-23	   0.0000000e+00	
  -5.7729461e-22	  -3.6084480e-23	   0.0000000e+00	   6.5881882e-23	  -2.6950303e-23	   0.0000000e+00	   5.1141273e-22	   6.3034783e-23	   0.0000000e+00	
  -6.3292525e-22	  -3.6577909e-23	   0.0000000e+00	   1.1507698e-22	  -2.7253006e-23	   0.0000000e+00	   5.1784827e-22	   6.3830915e-23	   0.0000000e+00	
  -5.6675106e-22	  -3.1268773e-23	   0.0000000e+00	   1.2382190e-22	  -2.3336785e-23	   0.0000000e+00	   4.4292916e-22	   5.4605558e-23	   0.0000000e+00	
  -6.3241842e-22	  -3.8352782e-23	   0.0000000e+00	   8.9270688e-23	  -2.8593881e-23	   0.0000000e+00	   5.4314773e-22	   6.6946664e-23	   0.0000000e+00	
  -6.3764808e-22	  -3.7432396e-23	   0.0000000e+00	   1.0767936e-22	  -2.7891286e-23	   0.0000000e+00	   5.2996871e-22	   6.5323682e-23	   0.0000000e+00	
  -6.2593317e-22	  -3.6702420e-23	   0.0000000e+00	   1.0623098e-22	  -2.7356093e-23	   0.0000000e+00	   5.1970219e-22	   6.4058513e-23	   0.0000000e+00	
  -6.4579720e-22	  -3.7663333e-23	   0.0000000e+00	   1.1263448e-22	  -2.8054315e-23	   0.0000000e+00	   5.3316272e-22	   6.5717649e-23	   0.0000000e+00	
  -5.7173989e-22	  -3.4992470e-23	   0.0000000e+00	   7.5833140e-23	  -2.6131811e-23	   0.0000000e+00	   4.9590675e-22	   6.1124282e-23	   0.0000000e+00	
  -5.4721216e-22	  -3.4120256e-23	   0.0000000e+00	   6.3503019e-23	  -2.5500274e-23	   0.0000000e+00	   4.8370914e-22	   5.9620531e-23	   0.0000000e+00	
  -6.0411339e-22	  -3.7225921e-23	   0.0000000e+00	   7.6710107e-23	  -2.7779924e-23	   0.0000000e+00	   5.2740329e-22	   6.5005845e-23	   0.0000000e+00	
  -6.3014529e-22	  -3.8250895e-23	   0.0000000e+00	   8.8423427e-23	  -2.8520013e-23	   0.0000000e+00	   5.4172186e-22	   6.6770907e-23	   0.0000000e+00	
  -5.9827723e-22	  -3.7171399e-23	   0.0000000e+00	   7.1588815e-23	  -2.7746160e-23	   0.0000000e+00	   5.2668841e-22	   6.4917559e-23	   0.0000000e+00	
  -5.9614112e-22	  -3.5502218e-23	   0.0000000e+00	   9.3216165e-23	  -2.6487958e-23	   0.0000000e+00	   5.0292495e-22	   6.1990176e-23	   0.0000000e+00	
  -5.7801811e-22	  -3.2958026e-23	   0.0000000e+00	   1.1114836e-22	  -2.4592006e-23	   0.0000000e+00	   4.6686975e-22	   5.7550031e-23	   0.0000000e+00	
  -6.3439568e-22	  -3.7837485e-23	   0.0000000e+00	   9.8615757e-23	  -2.8201688e-23	   0.0000000e+00	   5.3577993e-22	   6.6039174e-23	   0.0000000e+00	
  -6.0859134e-22	  -3.7203907e-23	   0.0000000e+00	   8.1550215e-23	  -2.7757502e-23	   0.0000000e+00	   5.2704113e-22	   6.4961408e-23	   0.0000000e+00	
  -6.2409609e-22	  -3.8619719e-23	   0.0000000e+00	   7.7046933e-23	  -2.8807291e-23	   0.0000000e+00	   5.4704916e-22	   6.7427010e-23	   0.0000000e+00	
  -6.1915982e-22	  -3.7101556e-23	   0.0000000e+00	   9.3693833e-23	  -2.7666341e-23	   0.0000000e+00	   5.2546598e-22	   6.4767897e-23	   0.0000000e+00	
  -6.0990234e-22	  -3.5348415e-23	   0.0000000e+00	   1.0931343e-22	  -2.6355364e-23	   0.0000000e+00	   5.0058891e-22	   6.1703779e-23	   0.0000000e+00	
  -6.0032336e-22	  -3.6993152e-23	   0.0000000e+00	   7.6197095e-23	  -2.7608818e-23	   0.0000000e+00	   5.2412627e-22	   6.4601970e-23	   0.0000000e+00	
  -6.0193104e-22	  -3.6527387e-23	   0.0000000e+00	   8.4459579e-23	  -2.7254834e-23	   0.0000000e+00	   5.1747146e-22	   6.3782220e-23	   0.0000000e+00	
  -5.6756461e-22	  -3.3174778e-23	   0.0000000e+00	   9.7509767e-23	  -2.4765635e-23	   0.0000000e+00	   4.7005484e-22	   5.7940413e-23	   0.0000000e+00	
  -5.7569723e-22	  -3.5297710e-23	   0.0000000e+00	   7.5479970e-23	  -2.6357758e-23	   0.0000000e+00	   5.0021726e-22	   6.1655469e-23	   0.0000000e+00	
  -6.0670937e-22	  -3.4851807e-23	   0.0000000e+00	   1.1316003e-22	  -2.5985154e-23	   0.0000000e+00	   4.9354934e-22	   6.0836961e-23	   0.0000000e+00	
  -5.9868197e-22	  -3.5079880e-23	   0.0000000e+00	   1.0179996e-22	  -2.6166390e-23	   0.0000000e+00	   4.9688201e-22	   6.1246270e-23	   0.0000000e+00	
  -6.1354740e-22	  -3.5568614e-23	   0.0000000e+00	   1.0986107e-22	  -2.6516854e-23	   0.0000000e+00	   5.0368633e-22	   6.2085468e-23	   0.0000000e+00	
  -5.9644731e-22	  -3.4221478e-23	   0.0000000e+00	   1.1176857e-22	  -2.5522469e-23	   0.0000000e+00	   4.8467873e-22	   5.9743947e-23	   0.0000000e+00	
  -6.4114046e-22	  -3.6584822e-23	   0.0000000e+00	   1.2328935e-22	  -2.7247427e-23	   0.0000000e+00	   5.1785111e-22	   6.3832249e-23	   0.0000000e+00	
  -6.0235003e-22	  -3.6716628e-23	   0.0000000e+00	   8.2186215e-23	  -2.7397275e-23	   0.0000000e+00	   5.2016381e-22	   6.4113903e-23	   0.0000000e+00	
  -5.9747052e-22	  -3.5256646e-23	   0.0000000e+00	   9.8057850e-23	  -2.6301111e-23	   0.0000000e+00	   4.9941267e-22	   6.1557757e-23	   0.0000000e+00	
  -6.2621752e-22	  -3.5299038e-23	   0.0000000e+00	   1.2651030e-22	  -2.6298628e-23	   0.0000000e+00	   4.9970722e-22	   6.1597666e-23	   0.0000000e+00	
  -6.5371512e-22	  -3.9516276e-23	   0.0000000e+00	   9.4237946e-23	  -2.9442983e-23	   0.0000000e+00	   5.5947717e-22	   6.8959259e-23	   0.0000000e+00	
  -5.8545410e-22	  -3.8666097e-23	   0.0000000e+00	   3.7323402e-23	  -2.8893313e-23	   0.0000000e+00	   5.4813070e-22	   6.7559410e-23	   0.0000000e+00	
  -6.0636313e-22	  -3.3923492e-23	   0.0000000e+00	   1.2602978e-22	  -2.5287921e-23	   0.0000000e+00	   4.8033335e-22	   5.9211413e-23	   0.0000000e+00	
  -6.4389062e-22	  -3.7264688e-23	   0.0000000e+00	   1.1638563e-22	  -2.7756178e-23	   0.0000000e+00	   5.2750499e-22	   6.5020866e-23	   0.0000000e+00	
  -6.0365789e-22	  -3.5151777e-23	   0.0000000e+00	   1.0580372e-22	  -2.6214677e-23	   0.0000000e+00	   4.9785418e-22	   6.1366454e-23	   0.0000000e+00	
  -5.9769170e-22	  -3.5342176e-23	   0.0000000e+00	   9.7062872e-23	  -2.6365356e-23	   0.0000000e+00	   5.0062883e-22	   6.1707532e-23	   0.0000000e+00	
  -6.0197505e-22	  -3.4604327e-23	   0.0000000e+00	   1.1190083e-22	  -2.5804337e-23	   0.0000000e+00	   4.9007422e-22	   6.0408664e-23	   0.0000000e+00	
  -5.6341726e-22	  -3.3036736e-23	   0.0000000e+00	   9.5289719e-23	  -2.4665965e-23	   0.0000000e+00	   4.6812755e-22	   5.7702701e-23	   0.0000000e+00	
  -6.3502256e-22	  -3.8320655e-23	   0.0000000e+00	   9.2363302e-23	  -2.8565951e-23	   0.0000000e+00	   5.4265926e-22	   6.6886606e-23	   0.0000000e+00	
  -5.5202172e-22	  -3.2049060e-23	   0.0000000e+00	   9.7854980e-23	  -2.3933964e-23	   0.0000000e+00	   4.5416674e-22	   5.5983024e-23	   0.0000000e+00	
  -6.0292794e-22	  -3.5848826e-23	   0.0000000e+00	   9.5135829e-23	  -2.6741243e-23	   0.0000000e+00	   5.0779211e-22	   6.2590069e-23	   0.0000000e+00	
  -6.2417194e-22	  -3.6534764e-23	   0.0000000e+00	   1.0683867e-22	  -2.7231904e-23	   0.0000000e+00	   5.1733327e-22	   6.3766667e-23	   0.0000000e+00	
  -5.8863706e-22	  -3.2676669e-23	   0.0000000e+00	   1.2587513e-22	  -2.4371033e-23	   0.0000000e+00	   4.6276193e-22	   5.7047702e-23	   0.0000000e+00	
  -5.7767342e-22	  -3.7650922e-23	   0.0000000e+00	   4.3936996e-23	  -2.8134549e-23	   0.0000000e+00	   5.3373642e-22	   6.5785471e-23	   0.0000000e+00	
  -6.0880830e-22	  -3.6464937e-23	   0.0000000e+00	   9.2300430e-23	  -2.7198967e-23	   0.0000000e+00	   5.1650787e-22	   6.3663905e-23	   0.0000000e+00	
  -5.9458458e-22	  -3.5729159e-23	   0.0000000e+00	   8.8410176e-23	  -2.6661121e-23	   0.0000000e+00	   5.0617440e-22	   6.2390280e-23	   0.0000000e+00	
  -5.9253980e-22	  -3.5068573e-23	   0.0000000e+00	   9.5755620e-23	  -2.6165110e-23	   0.0000000e+00	   4.9678418e-22	   6.1233684e-23	   0.0000000e+00	
  -6.0010351e-22	  -3.5508884e-23	   0.0000000e+00	   9.7124849e-23	  -2.6488203e-23	   0.0000000e+00	   5.0297866e-22	   6.1997087e-23	   0.0000000e+00	
  -6.0575470e-22	  -3.7303303e-23	   0.0000000e+00	   7.7266195e-23	  -2.7836304e-23	   0.0000000e+00	   5.2848850e-22	   6.5139607e-23	   0.0000000e+00	
  -5.7052691e-22	  -3.2168298e-23	   0.0000000e+00	   1.1482962e-22	  -2.4006446e-23	   0.0000000e+00	   4.5569729e-22	   5.6174744e-23	   0.0000000e+00	
  -6.0514735e-22	  -3.6963745e-23	   0.0000000e+00	   8.1491742e-23	  -2.7580441e-23	   0.0000000e+00	   5.2365561e-22	   6.4544186e-23	   0.0000000e+00	
  -5.7730817e-22	  -3.3160372e-23	   0.0000000e+00	   1.0755056e-22	  -2.4744786e-23	   0.0000000e+00	   4.6975761e-22	   5.7905158e-23	   0.0000000e+00	
  -6.2015382e-22	  -3.5893055e-23	   0.0000000e+00	   1.1191806e-22	  -2.6753169e-23	   0.0000000e+00	   5.0823576e-22	   6.2646224e-23	   0.0000000e+00	
  -6.2446844e-22	  -3.8174910e-23	   0.0000000e+00	   8.3764332e-23	  -2.8470380e-23	   0.0000000e+00	   5.4070411e-22	   6.6645290e-23	   0.0000000e+00	
  -6.1325940e-22	  -3.8029458e-23	   0.0000000e+00	   7.4502575e-23	  -2.8375515e-23	   0.0000000e+00	   5.3875682e-22	   6.6404973e-23	   0.0000000e+00	
  -5.8853037e-22	  -3.4304757e-23	   0.0000000e+00	   1.0258557e-22	  -2.5593997e-23	   0.0000000e+00	   4.8594480e-22	   5.9898754e-23	   0.0000000e+00	
  -6.2395570e-22	  -3.6688229e-23	   0.0000000e+00	   1.0443336e-22	  -2.7347977e-23	   0.0000000e+00	   5.1952234e-22	   6.4036206e-23	   0.0000000e+00	
  -5.9866831e-22	  -3.3503918e-23	   0.0000000e+00	   1.2422963e-22	  -2.4981129e-23	   0.0000000e+00	   4.7443868e-22	   5.8485047e-23	   0.0000000e+00	
  -6.1868077e-22	  -3.5961717e-23	   0.0000000e+00	   1.0945057e-22	  -2.6806771e-23	   0.0000000e+00	   5.0923020e-22	   6.2768488e-23	   0.0000000e+00	
  -6.3780252e-22	  -3.8467131e-23	   0.0000000e+00	   9.3088186e-23	  -2.8672766e-23	   0.0000000e+00	   5.4471434e-22	   6.7139897e-23	   0.0000000e+00	
  -5.6960769e-22	  -3.2210026e-23	   0.0000000e+00	   1.1330792e-22	  -2.4038559e-23	   0.0000000e+00	   4.5629976e-22	   5.6248585e-23	   0.0000000e+00	
  -6.5203629e-22	  -3.9308587e-23	   0.0000000e+00	   9.5499217e-23	  -2.9288399e-23	   0.0000000e+00	   5.5653707e-22	   6.8596986e-23	   0.0000000e+00	
  -5.7600096e-22	  -3.7434199e-23	   0.0000000e+00	   4.5337310e-23	  -2.7972591e-23	   0.0000000e+00	   5.3066365e-22	   6.5406790e-23	   0.0000000e+00	
  -5.7995585e-22	  -3.3386154e-23	   0.0000000e+00	   1.0700872e-22	  -2.4911840e-23	   0.0000000e+00	   4.7294712e-22	   5.8297994e-23	   0.0000000e+00	
  -6.3785175e-22	  -3.9360697e-23	   0.0000000e+00	   8.0399400e-23	  -2.9348518e-23	   0.0000000e+00	   5.5745235e-22	   6.8709215e-23	   0.0000000e+00	
  -6.3552655e-22	  -3.7338164e-23	   0.0000000e+00	   1.0687580e-22	  -2.7823054e-23	   0.0000000e+00	   5.2865075e-22	   6.5161218e-23	   0.0000000e+00	
  -6.1904755e-22	  -3.7787857e-23	   0.0000000e+00	   8.3799051e-23	  -2.8185098e-23	   0.0000000e+00	   5.3524850e-22	   6.5972955e-23	   0.0000000e+00	
  -6.1134060e-22	  -3.6672100e-23	   0.0000000e+00	   9.1908228e-23	  -2.7352168e-23	   0.0000000e+00	   5.1943237e-22	   6.4024268e-23	   0.0000000e+00	
  -6.1575739e-22	  -3.6011252e-23	   0.0000000e+00	   1.0578935e-22	  -2.6847797e-23	   0.0000000e+00	   5.0996804e-22	   6.2859049e-23	   0.0000000e+00	
  -6.5247172e-22	  -3.8287996e-23	   0.0000000e+00	   1.1048791e-22	  -2.8516436e-23	   0.0000000e+00	   5.4198381e-22	   6.6804431e-23	   0.0000000e+00	
  -5.7812137e-22	  -3.3766183e-23	   0.0000000e+00	   9.9744625e-23	  -2.5199807e-23	   0.0000000e+00	   4.7837675e-22	   5.8965989e-23	   0.0000000e+00	
  -5.7851530e-22	  -3.2562098e-23	   0.0000000e+00	   1.1728697e-22	  -2.4294398e-23	   0.0000000e+00	   4.6122833e-22	   5.6856496e-23	   0.0000000e+00	
  -6.1171082e-22	  -3.5710275e-23	   0.0000000e+00	   1.0598657e-22	  -2.6625891e-23	   0.0000000e+00	   5.0572425e-22	   6.2336166e-23	   0.0000000e+00	
  -6.1651579e-22	  -3.6008519e-23	   0.0000000e+00	   1.0659500e-22	  -2.6844782e-23	   0.0000000e+00	   5.0992079e-22	   6.2853301e-23	   0.0000000e+00	
  -5.9590298e-22	  -3.4082727e-23	   0.0000000e+00	   1.1319464e-22	  -2.5418702e-23	   0.0000000e+00	   4.8270834e-22	   5.9501429e-23	   0.0000000e+00	
  -6.2362630e-22	  -3.6536460e-23	   0.0000000e+00	   1.0626273e-22	  -2.7233892e-23	   0.0000000e+00	   5.1736357e-22	   6.3770352e-23	   0.0000000e+00	
  -5.9689196e-22	  -3.7397474e-23	   0.0000000e+00	   6.6966587e-23	  -2.7918861e-23	   0.0000000e+00	   5.2992537e-22	   6.5316335e-23	   0.0000000e+00	
  -6.2001999e-22	  -3.7903076e-23	   0.0000000e+00	   8.3140145e-23	  -2.8270895e-23	   0.0000000e+00	   5.3687984e-22	   6.6173971e-23	   0.0000000e+00	
  -6.1932074e-22	  -3.8528215e-23	   0.0000000e+00	   7.3521769e-23	  -2.8744609e-23	   0.0000000e+00	   5.4579897e-22	   6.7272824e-23	   0.0000000e+00	
  -6.2177235e-22	  -3.5780225e-23	   0.0000000e+00	   1.1516185e-22	  -2.6666134e-23	   0.0000000e+00	   5.0661050e-22	   6.2446358e-23	   0.0000000e+00	
  -6.0409103e-22	  -3.5174257e-23	   0.0000000e+00	   1.0592120e-22	  -2.6231102e-23	   0.0000000e+00	   4.9816983e-22	   6.1405358e-23	   0.0000000e+00	
  -5.8311384e-22	  -3.5799471e-23	   0.0000000e+00	   7.5820658e-23	  -2.6728019e-23	   0.0000000e+00	   5.0729318e-22	   6.2527490e-23	   0.0000000e+00	
  -6.1072951e-22	  -3.5282541e-23	   0.0000000e+00	   1.1108782e-22	  -2.6304742e-23	   0.0000000e+00	   4.9964170e-22	   6.1587282e-23	   0.0000000e+00	
  -6.0881706e-22	  -3.5926287e-23	   0.0000000e+00	   9.9984158e-23	  -2.6792396e-23	   0.0000000e+00	   5.0883290e-22	   6.2718683e-23	   0.0000000e+00	
  -6.3247384e-22	  -3.8008395e-23	   0.0000000e+00	   9.4235548e-23	  -2.8333488e-23	   0.0000000e+00	   5.3823829e-22	   6.6341883e-23	   0.0000000e+00	
  -5.9561193e-22	  -3.5910032e-23	   0.0000000e+00	   8.6871039e-23	  -2.6796426e-23	   0.0000000e+00	   5.0874089e-22	   6.2706458e-23	   0.0000000e+00	
  -5.9126893e-22	  -3.6072756e-23	   0.0000000e+00	   8.0164466e-23	  -2.6924621e-23	   0.0000000e+00	   5.1110446e-22	   6.2997377e-23	   0.0000000e+00	
  -5.9638979e-22	  -3.3191081e-23	   0.0000000e+00	   1.2638183e-22	  -2.4748941e-23	   0.0000000e+00	   4.7000796e-22	   5.7940022e-23	   0.0000000e+00	
  -5.9423510e-22	  -3.4249007e-23	   0.0000000e+00	   1.0914180e-22	  -2.5545642e-23	   0.0000000e+00	   4.8509330e-22	   5.9794650e-23	   0.0000000e+00	
  -6.3094702e-22	  -3.9662039e-23	   0.0000000e+00	   6.9116479e-23	  -2.9586440e-23	   0.0000000e+00	   5.6183054e-22	   6.9248479e-23	   0.0000000e+00	
  -5.7947107e-22	  -3.5183734e-23	   0.0000000e+00	   8.0914893e-23	  -2.6267311e-23	   0.0000000e+00	   4.9855617e-22	   6.1451045e-23	   0.0000000e+00	
  -5.5361263e-22	  -3.1327458e-23	   0.0000000e+00	   1.0973219e-22	  -2.3390782e-23	   0.0000000e+00	   4.4388043e-22	   5.4718239e-23	   0.0000000e+00	
  -6.2095927e-22	  -3.5624993e-23	   0.0000000e+00	   1.1655099e-22	  -2.6550225e-23	   0.0000000e+00	   5.0440828e-22	   6.2175218e-23	   0.0000000e+00	
  -5.8864959e-22	  -3.3612577e-23	   0.0000000e+00	   1.1256338e-22	  -2.5072994e-23	   0.0000000e+00	   4.7608621e-22	   5.8685571e-23	   0.0000000e+00	
  -5.9145511e-22	  -3.4621812e-23	   0.0000000e+00	   1.0102387e-22	  -2.5829556e-23	   0.0000000e+00	   4.9043124e-22	   6.0451368e-23	   0.0000000e+00	
  -5.9434779e-22	  -3.6945765e-23	   0.0000000e+00	   7.0833950e-23	  -2.7580532e-23	   0.0000000e+00	   5.2351384e-22	   6.4526298e-23	   0.0000000e+00	
  -6.4182597e-22	  -3.8704629e-23	   0.0000000e+00	   9.3774189e-23	  -2.8846590e-23	   0.0000000e+00	   5.4805178e-22	   6.7551219e-23	   0.0000000e+00	
  -6.0411192e-22	  -3.8285067e-23	   0.0000000e+00	   6.1611146e-23	  -2.8580950e-23	   0.0000000e+00	   5.4250077e-22	   6.6866017e-23	   0.0000000e+00	
  -5.8324717e-22	  -3.2586264e-23	   0.0000000e+00	   1.2171999e-22	  -2.4308182e-23	   0.0000000e+00	   4.6152718e-22	   5.6894445e-23	   0.0000000e+00	
  -6.2281945e-22	  -3.9305976e-23	   0.0000000e+00	   6.5971704e-23	  -2.9328327e-23	   0.0000000e+00	   5.5684774e-22	   6.8634302e-23	   0.0000000e+00	
  -5.8048251e-22	  -3.2663701e-23	   0.0000000e+00	   1.1782652e-22	  -2.4368743e-23	   0.0000000e+00	   4.6265598e-22	   5.7032444e-23	   0.0000000e+00	
  -6.2318413e-22	  -3.9245761e-23	   0.0000000e+00	   6.7199104e-23	  -2.9282246e-23	   0.0000000e+00	   5.5598502e-22	   6.8528007e-23	   0.0000000e+00	
  -5.6597846e-22	  -3.4287856e-23	   0.0000000e+00	   8.0054967e-23	  -2.5606402e-23	   0.0000000e+00	   4.8592349e-22	   5.9894258e-23	   0.0000000e+00	
  -5.8743986e-22	  -3.5584291e-23	   0.0000000e+00	   8.3256393e-23	  -2.6560346e-23	   0.0000000e+00	   5.0418347e-22	   6.2144637e-23	   0.0000000e+00	
  -6.2803439e-22	  -4.0887038e-23	   0.0000000e+00	   4.8700358e-23	  -3.0518280e-23	   0.0000000e+00	   5.7933403e-22	   7.1405318e-23	   0.0000000e+00	
  -6.5968628e-22	  -3.7310521e-23	   0.0000000e+00	   1.3172051e-22	  -2.7768988e-23	   0.0000000e+00	   5.2796576e-22	   6.5079509e-23	   0.0000000e+00	
  -6.5126748e-22	  -3.9540641e-23	   0.0000000e+00	   9.1412563e-23	  -2.9465056e-23	   0.0000000e+00	   5.5985492e-22	   6.9005697e-23	   0.0000000e+00	
  -5.9795151e-22	  -3.6597550e-23	   0.0000000e+00	   7.9438099e-23	  -2.7312840e-23	   0.0000000e+00	   5.1851341e-22	   6.3910390e-23	   0.0000000e+00	
  -6.6950283e-22	  -4.0522072e-23	   0.0000000e+00	   9.5886115e-23	  -3.0179775e-23	   0.0000000e+00	   5.7361671e-22	   7.0701847e-23	   0.0000000e+00	
  -6.4190563e-22	  -3.6586075e-23	   0.0000000e+00	   1.2404567e-22	  -2.7247366e-23	   0.0000000e+00	   5.1785996e-22	   6.3833441e-23	   0.0000000e+00	
  -5.9429063e-22	  -3.5414818e-23	   0.0000000e+00	   9.2591733e-23	  -2.6424232e-23	   0.0000000e+00	   5.0169889e-22	   6.1839050e-23	   0.0000000e+00	
  -5.5825513e-22	  -3.1589197e-23	   0.0000000e+00	   1.1068997e-22	  -2.3583057e-23	   0.0000000e+00	   4.4756516e-22	   5.5172254e-23	   0.0000000e+00	
  -5.8113639e-22	  -3.8530726e-23	   0.0000000e+00	   3.4891434e-23	  -2.8796234e-23	   0.0000000e+00	   5.4624496e-22	   6.7326960e-23	   0.0000000e+00	
  -6.1085334e-22	  -3.7040702e-23	   0.0000000e+00	   8.6162811e-23	  -2.7631237e-23	   0.0000000e+00	   5.2469053e-22	   6.4671939e-23	   0.0000000e+00	
  -5.9427740e-22	  -3.5598430e-23	   0.0000000e+00	   8.9962424e-23	  -2.6562813e-23	   0.0000000e+00	   5.0431497e-22	   6.2161243e-23	   0.0000000e+00	
  -6.6142464e-22	  -3.9245013e-23	   0.0000000e+00	   1.0591152e-22	  -2.9226310e-23	   0.0000000e+00	   5.5551312e-22	   6.8471323e-23	   0.0000000e+00	
  -6.1959210e-22	  -3.9249435e-23	   0.0000000e+00	   6.3513739e-23	  -2.9289987e-23	   0.0000000e+00	   5.5607836e-22	   6.8539422e-23	   0.0000000e+00	
  -6.0775093e-22	  -3.4113576e-23	   0.0000000e+00	   1.2472556e-22	  -2.5429070e-23	   0.0000000e+00	   4.8302538e-22	   5.9542646e-23	   0.0000000e+00	
  -5.7272293e-22	  -3.5489128e-23	   0.0000000e+00	   6.9749105e-23	  -2.6505798e-23	   0.0000000e+00	   5.0297383e-22	   6.1994926e-23	   0.0000000e+00	
  -5.7871748e-22	  -3.3422593e-23	   0.0000000e+00	   1.0523952e-22	  -2.4940542e-23	   0.0000000e+00	   4.7347796e-22	   5.8363135e-23	   0.0000000e+00	
  -6.1499408e-22	  -3.7865237e-23	   0.0000000e+00	   7.8597351e-23	  -2.8249020e-23	   0.0000000e+00	   5.3639672e-22	   6.6114257e-23	   0.0000000e+00	
  -6.0809639e-22	  -3.5558027e-23	   0.0000000e+00	   1.0450219e-22	  -2.6515544e-23	   0.0000000e+00	   5.0359420e-22	   6.2073571e-23	   0.0000000e+00	
  -6.1237190e-22	  -3.6760313e-23	   0.0000000e+00	   9.1693751e-23	  -2.7417461e-23	   0.0000000e+00	   5.2067815e-22	   6.4177773e-23	   0.0000000e+00	
  -5.6809721e-22	  -3.5179229e-23	   0.0000000e+00	   6.9494356e-23	  -2.6277017e-23	   0.0000000e+00	   4.9860285e-22	   6.1456246e-23	   0.0000000e+00	
  -6.1462690e-22	  -3.7834782e-23	   0.0000000e+00	   7.8660190e-23	  -2.8226482e-23	   0.0000000e+00	   5.3596671e-22	   6.6061265e-23	   0.0000000e+00	
  -6.1476670e-22	  -3.6563200e-23	   0.0000000e+00	   9.6923616e-23	  -2.7265535e-23	   0.0000000e+00	   5.1784308e-22	   6.3828735e-23	   0.0000000e+00	
  -5.8683817e-22	  -3.6797283e-23	   0.0000000e+00	   6.5362918e-23	  -2.7477597e-23	   0.0000000e+00	   5.2147525e-22	   6.4274880e-23	   0.0000000e+00	
  -6.0903845e-22	  -3.8538262e-23	   0.0000000e+00	   6.2981760e-23	  -2.8766035e-23	   0.0000000e+00	   5.4605669e-22	   6.7304297e-23	   0.0000000e+00	
  -6.2343692e-22	  -3.5791901e-23	   0.0000000e+00	   1.1667861e-22	  -2.6672858e-23	   0.0000000e+00	   5.0675831e-22	   6.2464759e-23	   0.0000000e+00	
  -5.7832442e-22	  -3.1298319e-23	   0.0000000e+00	   1.3508024e-22	  -2.3351498e-23	   0.0000000e+00	   4.4324417e-22	   5.4649816e-23	   0.0000000e+00	
  -6.4069069e-22	  -3.7856569e-23	   0.0000000e+00	   1.0471305e-22	  -2.8207348e-23	   0.0000000e+00	   5.3597764e-22	   6.6063917e-23	   0.0000000e+00	
  -6.0375040e-22	  -3.6976481e-23	   0.0000000e+00	   7.9898279e-23	  -2.7591854e-23	   0.0000000e+00	   5.2385212e-22	   6.4568335e-23	   0.0000000e+00	
  -5.7856417e-22	  -3.7052191e-23	   0.0000000e+00	   5.3371738e-23	  -2.7680475e-23	   0.0000000e+00	   5.2519244e-22	   6.4732665e-23	   0.0000000e+00	
  -6.1215237e-22	  -3.7109034e-23	   0.0000000e+00	   8.6502234e-23	  -2.7681179e-23	   0.0000000e+00	   5.2565014e-22	   6.4790213e-23	   0.0000000e+00	
  -6.1503494e-22	  -3.7647861e-23	   0.0000000e+00	   8.1737054e-23	  -2.8084621e-23	   0.0000000e+00	   5.3329788e-22	   6.5732482e-23	   0.0000000e+00	
  -6.3241198e-22	  -3.8370446e-23	   0.0000000e+00	   8.9012395e-23	  -2.8607244e-23	   0.0000000e+00	   5.4339959e-22	   6.6977690e-23	   0.0000000e+00	
  -6.2735840e-22	  -3.6312683e-23	   0.0000000e+00	   1.1322521e-22	  -2.7060301e-23	   0.0000000e+00	   5.1413319e-22	   6.3372983e-23	   0.0000000e+00	
  -6.0955084e-22	  -3.4731482e-23	   0.0000000e+00	   1.1774527e-22	  -2.5891336e-23	   0.0000000e+00	   4.9180557e-22	   6.0622818e-23	   0.0000000e+00	
  -6.4832397e-22	  -3.8504075e-23	   0.0000000e+00	   1.0320957e-22	  -2.8685654e-23	   0.0000000e+00	   5.4511440e-22	   6.7189730e-23	   0.0000000e+00	
  -6.0330929e-22	  -3.5229981e-23	   0.0000000e+00	   1.0433745e-22	  -2.6274033e-23	   0.0000000e+00	   4.9897184e-22	   6.1504014e-23	   0.0000000e+00	
  -5.9424621e-22	  -3.4282716e-23	   0.0000000e+00	   1.0867297e-22	  -2.5571001e-23	   0.0000000e+00	   4.8557325e-22	   5.9853716e-23	   0.0000000e+00	
  -6.3188596e-22	  -3.7781587e-23	   0.0000000e+00	   9.6873451e-23	  -2.8162917e-23	   0.0000000e+00	   5.3501251e-22	   6.5944504e-23	   0.0000000e+00	
  -6.3879745e-22	  -3.7961604e-23	   0.0000000e+00	   1.0130037e-22	  -2.8289333e-23	   0.0000000e+00	   5.3749708e-22	   6.6250937e-23	   0.0000000e+00	
  -5.9530182e-22	  -3.5113361e-23	   0.0000000e+00	   9.7907936e-23	  -2.6195630e-23	   0.0000000e+00	   4.9739389e-22	   6.1308991e-23	   0.0000000e+00	
  -6.3934250e-22	  -3.8177203e-23	   0.0000000e+00	   9.8778996e-23	  -2.8451463e-23	   0.0000000e+00	   5.4056350e-22	   6.6628667e-23	   0.0000000e+00	
  -6.0052432e-22	  -3.6683358e-23	   0.0000000e+00	   8.0815230e-23	  -2.7374444e-23	   0.0000000e+00	   5.1970909e-22	   6.4057802e-23	   0.0000000e+00	
  -6.3029054e-22	  -3.9558813e-23	   0.0000000e+00	   6.9924180e-23	  -2.9509234e-23	   0.0000000e+00	   5.6036636e-22	   6.9068047e-23	   0.0000000e+00	
  -6.1406645e-22	  -3.6114280e-23	   0.0000000e+00	   1.0261205e-22	  -2.6927640e-23	   0.0000000e+00	   5.1145440e-22	   6.3041920e-23	   0.0000000e+00	
  -6.0945506e-22	  -3.6044966e-23	   0.0000000e+00	   9.8938170e-23	  -2.6881142e-23	   0.0000000e+00	   5.1051689e-22	   6.2926108e-23	   0.0000000e+00	
  -5.6379019e-22	  -3.6202659e-23	   0.0000000e+00	   5.0561243e-23	  -2.7055507e-23	   0.0000000e+00	   5.1322895e-22	   6.3258165e-23	   0.0000000e+00	
  -6.6577265e-22	  -4.0132637e-23	   0.0000000e+00	   9.7660447e-23	  -2.9890919e-23	   0.0000000e+00	   5.6811220e-22	   7.0023555e-23	   0.0000000e+00	
  -6.1513070e-22	  -3.5156019e-23	   0.0000000e+00	   1.1733857e-22	  -2.6204224e-23	   0.0000000e+00	   4.9779213e-22	   6.1360242e-23	   0.0000000e+00	
  -6.1690351e-22	  -3.5644889e-23	   0.0000000e+00	   1.1216720e-22	  -2.6570204e-23	   0.0000000e+00	   5.0473631e-22	   6.2215093e-23	   0.0000000e+00	
  -6.1299118e-22	  -3.6711163e-23	   0.0000000e+00	   9.3020197e-23	  -2.7379543e-23	   0.0000000e+00	   5.1997098e-22	   6.4090707e-23	   0.0000000e+00	
  -6.1768879e-22	  -3.7038646e-23	   0.0000000e+00	   9.3102913e-23	  -2.7620760e-23	   0.0000000e+00	   5.2458587e-22	   6.4659407e-23	   0.0000000e+00	
  -5.7149768e-22	  -3.3874622e-23	   0.0000000e+00	   9.1512872e-23	  -2.5288686e-23	   0.0000000e+00	   4.7998481e-22	   5.9163308e-23	   0.0000000e+00	
  -6.0426364e-22	  -3.5050425e-23	   0.0000000e+00	   1.0785953e-22	  -2.6137593e-23	   0.0000000e+00	   4.9640411e-22	   6.1188018e-23	   0.0000000e+00	
  -5.9023663e-22	  -3.2775862e-23	   0.0000000e+00	   1.2607838e-22	  -2.4443818e-23	   0.0000000e+00	   4.6415825e-22	   5.7219680e-23	   0.0000000e+00	
  -6.0441500e-22	  -3.4526868e-23	   0.0000000e+00	   1.1546938e-22	  -2.5743281e-23	   0.0000000e+00	   4.8894562e-22	   6.0270149e-23	   0.0000000e+00	
  -5.9325771e-22	  -3.5782601e-23	   0.0000000e+00	   8.6308141e-23	  -2.6703078e-23	   0.0000000e+00	   5.0694956e-22	   6.2485679e-23	   0.0000000e+00	
  -5.9869460e-22	  -3.4972026e-23	   0.0000000e+00	   1.0334906e-22	  -2.6085082e-23	   0.0000000e+00	   4.9534554e-22	   6.1057107e-23	   0.0000000e+00	
  -5.7280458e-22	  -3.1459739e-23	   0.0000000e+00	   1.2721277e-22	  -2.3474927e-23	   0.0000000e+00	   4.4559181e-22	   5.4934666e-23	   0.0000000e+00	
  -6.0262789e-22	  -3.5622346e-23	   0.0000000e+00	   9.8059315e-23	  -2.6570727e-23	   0.0000000e+00	   5.0456858e-22	   6.2193073e-23	   0.0000000e+00	
  -5.5157412e-22	  -3.3692261e-23	   0.0000000e+00	   7.4001749e-23	  -2.5172525e-23	   0.0000000e+00	   4.7757237e-22	   5.8864785e-23	   0.0000000e+00	
  -6.0187219e-22	  -3.4038685e-23	   0.0000000e+00	   1.1985212e-22	  -2.5379127e-23	   0.0000000e+00	   4.8202007e-22	   5.9417812e-23	   0.0000000e+00	
  -6.1534887e-22	  -3.6142919e-23	   0.0000000e+00	   1.0350048e-22	  -2.6947623e-23	   0.0000000e+00	   5.1184839e-22	   6.3090542e-23	   0.0000000e+00	
  -6.1304998e-22	  -3.5657963e-23	   0.0000000e+00	   1.0808546e-22	  -2.6584804e-23	   0.0000000e+00	   5.0496452e-22	   6.2242767e-23	   0.0000000e+00	
  -5.9804463e-22	  -3.5884006e-23	   0.0000000e+00	   8.9699927e-23	  -2.6773799e-23	   0.0000000e+00	   5.0834470e-22	   6.2657804e-23	   0.0000000e+00	
  -6.2375853e-22	  -3.6402716e-23	   0.0000000e+00	   1.0830201e-22	  -2.7132834e-23	   0.0000000e+00	   5.1545652e-22	   6.3535550e-23	   0.0000000e+00	
  -6.0441461e-22	  -3.6418711e-23	   0.0000000e+00	   8.8518232e-23	  -2.7169620e-23	   0.0000000e+00	   5.1589638e-22	   6.3588331e-23	   0.0000000e+00	
  -5.8171495e-22	  -3.4928754e-23	   0.0000000e+00	   8.6813678e-23	  -2.6072254e-23	   0.0000000e+00	   4.9490128e-22	   6.1001008e-23	   0.0000000e+00	
  -6.0817858e-22	  -3.8109973e-23	   0.0000000e+00	   6.8218127e-23	  -2.8443144e-23	   0.0000000e+00	   5.3996045e-22	   6.6553116e-23	   0.0000000e+00	
  -6.5908852e-22	  -3.9757276e-23	   0.0000000e+00	   9.6242803e-23	  -2.9617197e-23	   0.0000000e+00	   5.6284572e-22	   6.9374473e-23	   0.0000000e+00	
  -5.7586994e-22	  -3.3449050e-23	   0.0000000e+00	   1.0198786e-22	  -2.4963440e-23	   0.0000000e+00	   4.7388209e-22	   5.8412490e-23	   0.0000000e+00	
  -5.7474798e-22	  -3.3604112e-23	   0.0000000e+00	   9.8646913e-23	  -2.5081372e-23	   0.0000000e+00	   4.7610107e-22	   5.8685484e-23	   0.0000000e+00	
  -6.1920411e-22	  -3.5739389e-23	   0.0000000e+00	   1.1314690e-22	  -2.6638560e-23	   0.0000000e+00	   5.0605721e-22	   6.2377949e-23	   0.0000000e+00	
  -5.4961175e-22	  -3.1531546e-23	   0.0000000e+00	   1.0279149e-22	  -2.3547298e-23	   0.0000000e+00	   4.4682026e-22	   5.5078844e-23	   0.0000000e+00	
  -5.9464858e-22	  -3.4961538e-23	   0.0000000e+00	   9.9410720e-23	  -2.6081924e-23	   0.0000000e+00	   4.9523786e-22	   6.1043462e-23	   0.0000000e+00	
  -5.6451628e-22	  -3.1268686e-23	   0.0000000e+00	   1.2156838e-22	  -2.3338311e-23	   0.0000000e+00	   4.4294790e-22	   5.4606997e-23	   0.0000000e+00	
  -5.7896548e-22	  -3.4209739e-23	   0.0000000e+00	   9.4279494e-23	  -2.5533085e-23	   0.0000000e+00	   4.8468599e-22	   5.9742823e-23	   0.0000000e+00	
  -6.0300496e-22	  -3.3434368e-23	   0.0000000e+00	   1.2960061e-22	  -2.4924784e-23	   0.0000000e+00	   4.7340434e-22	   5.8359152e-23	   0.0000000e+00	
  -6.1550347e-22	  -3.6604167e-23	   0.0000000e+00	   9.7084744e-23	  -2.7295513e-23	   0.0000000e+00	   5.1841873e-22	   6.3899680e-23	   0.0000000e+00	
  -6.1528523e-22	  -3.5348820e-23	   0.0000000e+00	   1.1474862e-22	  -2.6349175e-23	   0.0000000e+00	   5.0053662e-22	   6.1697995e-23	   0.0000000e+00	
  -5.9889964e-22	  -3.6740235e-23	   0.0000000e+00	   7.8362803e-23	  -2.7419469e-23	   0.0000000e+00	   5.2053684e-22	   6.4159705e-23	   0.0000000e+00	
  -6.1398304e-22	  -3.7591298e-23	   0.0000000e+00	   8.1479705e-23	  -2.8043256e-23	   0.0000000e+00	   5.3250334e-22	   6.5634553e-23	   0.0000000e+00	
  -6.3736791e-22	  -3.7856228e-23	   0.0000000e+00	   1.0135577e-22	  -2.8211725e-23	   0.0000000e+00	   5.3601214e-22	   6.6067952e-23	   0.0000000e+00	
  -5.6245150e-22	  -3.3684897e-23	   0.0000000e+00	   8.5083840e-23	  -2.5155396e-23	   0.0000000e+00	   4.7736766e-22	   5.8840294e-23	   0.0000000e+00	
  -6.2136329e-22	  -3.8282003e-23	   0.0000000e+00	   7.9097289e-23	  -2.8555599e-23	   0.0000000e+00	   5.4226600e-22	   6.6837602e-23	   0.0000000e+00	
  -6.0404862e-22	  -3.5632189e-23	   0.0000000e+00	   9.9354820e-23	  -2.6576418e-23	   0.0000000e+00	   5.0469380e-22	   6.2208608e-23	   0.0000000e+00	
  -6.3696447e-22	  -3.8518015e-23	   0.0000000e+00	   9.1514886e-23	  -2.8712419e-23	   0.0000000e+00	   5.4544958e-22	   6.7230434e-23	   0.0000000e+00	
  -6.3079252e-22	  -3.8128067e-23	   0.0000000e+00	   9.0828948e-23	  -2.8426265e-23	   0.0000000e+00	   5.3996357e-22	   6.6554331e-23	   0.0000000e+00	
  -5.8067184e-22	  -3.5185472e-23	   0.0000000e+00	   8.2102797e-23	  -2.6267225e-23	   0.0000000e+00	   4.9856904e-22	   6.1452697e-23	   0.0000000e+00	
  -6.0241826e-22	  -3.9421349e-23	   0.0000000e+00	   4.3698119e-23	  -2.9443282e-23	   0.0000000e+00	   5.5872014e-22	   6.8864632e-23	   0.0000000e+00	
  -6.3224548e-22	  -3.8249955e-23	   0.0000000e+00	   9.0561450e-23	  -2.8516386e-23	   0.0000000e+00	   5.4168403e-22	   6.6766340e-23	   0.0000000e+00	
  -6.0503791e-22	  -3.6639244e-23	   0.0000000e+00	   8.6005588e-23	  -2.7335404e-23	   0.0000000e+00	   5.1903232e-22	   6.3974648e-23	   0.0000000e+00	
  -6.0408863e-22	  -3.5254143e-23	   0.0000000e+00	   1.0478082e-22	  -2.6291312e-23	   0.0000000e+00	   4.9930781e-22	   6.1545455e-23	   0.0000000e+00	
  -6.3146123e-22	  -3.6719070e-23	   0.0000000e+00	   1.1158490e-22	  -2.7361375e-23	   0.0000000e+00	   5.1987633e-22	   6.4080445e-23	   0.0000000e+00	
  -6.3182645e-22	  -3.9116456e-23	   0.0000000e+00	   7.7785094e-23	  -2.9172303e-23	   0.0000000e+00	   5.5404136e-22	   6.8288759e-23	   0.0000000e+00	
  -5.9859839e-22	  -3.4519854e-23	   0.0000000e+00	   1.0969230e-22	  -2.5744601e-23	   0.0000000e+00	   4.8890608e-22	   6.0264455e-23	   0.0000000e+00	
  -6.1318885e-22	  -3.4252749e-23	   0.0000000e+00	   1.2823922e-22	  -2.5527694e-23	   0.0000000e+00	   4.8494963e-22	   5.9780444e-23	   0.0000000e+00	
  -6.2937669e-22	  -3.6771683e-23	   0.0000000e+00	   1.0872682e-22	  -2.7403815e-23	   0.0000000e+00	   5.2064988e-22	   6.4175498e-23	   0.0000000e+00	
  -6.2625465e-22	  -3.6943517e-23	   0.0000000e+00	   1.0312071e-22	  -2.7537621e-23	   0.0000000e+00	   5.2313394e-22	   6.4481137e-23	   0.0000000e+00	
  -6.0583517e-22	  -3.7580232e-23	   0.0000000e+00	   7.3400406e-23	  -2.8045571e-23	   0.0000000e+00	   5.3243476e-22	   6.5625802e-23	   0.0000000e+00	
  -6.1440328e-22	  -3.7168267e-23	   0.0000000e+00	   8.7933755e-23	  -2.7722993e-23	   0.0000000e+00	   5.2646952e-22	   6.4891260e-23	   0.0000000e+00	
  -5.8221802e-22	  -3.4033804e-23	   0.0000000e+00	   1.0006971e-22	  -2.5396912e-23	   0.0000000e+00	   4.8214831e-22	   5.9430716e-23	   0.0000000e+00	
  -6.4718449e-22	  -4.0025629e-23	   0.0000000e+00	   8.0364238e-23	  -2.9838099e-23	   0.0000000e+00	   5.6682025e-22	   6.9863728e-23	   0.0000000e+00	
  -6.3234916e-22	  -3.7499128e-23	   0.0000000e+00	   1.0136756e-22	  -2.7948921e-23	   0.0000000e+00	   5.3098160e-22	   6.5448049e-23	   0.0000000e+00	
  -5.9080499e-22	  -3.6835952e-23	   0.0000000e+00	   6.8819425e-23	  -2.7501932e-23	   0.0000000e+00	   5.2198556e-22	   6.4337884e-23	   0.0000000e+00	
  -6.1154701e-22	  -3.7080542e-23	   0.0000000e+00	   8.6296305e-23	  -2.7660438e-23	   0.0000000e+00	   5.2525071e-22	   6.4740980e-23	   0.0000000e+00	
  -6.2113094e-22	  -3.7159891e-23	   0.0000000e+00	   9.4855707e-23	  -2.7707797e-23	   0.0000000e+00	   5.2627523e-22	   6.4867688e-23	   0.0000000e+00	
  -6.2665495e-22	  -3.7722525e-23	   0.0000000e+00	   9.2423896e-23	  -2.8125442e-23	   0.0000000e+00	   5.3423106e-22	   6.5847967e-23	   0.0000000e+00	
  -6.1871374e-22	  -3.7230037e-23	   0.0000000e+00	   9.1411765e-23	  -2.7763986e-23	   0.0000000e+00	   5.2730197e-22	   6.4994023e-23	   0.0000000e+00	
  -5.6973493e-22	  -3.5176247e-23	   0.0000000e+00	   7.1190349e-23	  -2.6272892e-23	   0.0000000e+00	   4.9854458e-22	   6.1449139e-23	   0.0000000e+00	
  -5.8997088e-22	  -3.4469764e-23	   0.0000000e+00	   1.0169035e-22	  -2.5716680e-23	   0.0000000e+00	   4.8828054e-22	   6.0186444e-23	   0.0000000e+00	
  -5.9629750e-22	  -3.3024081e-23	   0.0000000e+00	   1.2866591e-22	  -2.4624041e-23	   0.0000000e+00	   4.6763159e-22	   5.7648122e-23	   0.0000000e+00	
  -6.2455896e-22	  -3.4129558e-23	   0.0000000e+00	   1.4148582e-22	  -2.5423897e-23	   0.0000000e+00	   4.8307314e-22	   5.9553454e-23	   0.0000000e+00	
  -6.0955867e-22	  -3.4680712e-23	   0.0000000e+00	   1.1847624e-22	  -2.5853144e-23	   0.0000000e+00	   4.9108242e-22	   6.0533855e-23	   0.0000000e+00	
  -6.0375592e-22	  -3.8985933e-23	   0.0000000e+00	   5.1258893e-23	  -2.9111850e-23	   0.0000000e+00	   5.5249702e-22	   6.8097783e-23	   0.0000000e+00	
  -6.2963814e-22	  -3.7886002e-23	   0.0000000e+00	   9.3111413e-23	  -2.8244903e-23	   0.0000000e+00	   5.3652673e-22	   6.6130905e-23	   0.0000000e+00	
  -6.3592421e-22	  -3.7378126e-23	   0.0000000e+00	   1.0670865e-22	  -2.7852678e-23	   0.0000000e+00	   5.2921556e-22	   6.5230803e-23	   0.0000000e+00	
  -6.3812839e-22	  -3.8623010e-23	   0.0000000e+00	   9.1195932e-23	  -2.8790153e-23	   0.0000000e+00	   5.4693246e-22	   6.7413163e-23	   0.0000000e+00	
  -6.0479846e-22	  -3.7726450e-23	   0.0000000e+00	   7.0268299e-23	  -2.8157489e-23	   0.0000000e+00	   5.3453016e-22	   6.5883939e-23	   0.0000000e+00	
  -5.9250344e-22	  -3.5285636e-23	   0.0000000e+00	   9.2626601e-23	  -2.6328894e-23	   0.0000000e+00	   4.9987684e-22	   6.1614530e-23	   0.0000000e+00	
  -5.9590878e-22	  -3.3807202e-23	   0.0000000e+00	   1.1712395e-22	  -2.5211593e-23	   0.0000000e+00	   4.7878482e-22	   5.9018795e-23	   0.0000000e+00	
  -6.4002827e-22	  -3.7305582e-23	   0.0000000e+00	   1.1189472e-22	  -2.7792317e-23	   0.0000000e+00	   5.2813355e-22	   6.5097898e-23	   0.0000000e+00	
  -6.3087533e-22	  -3.9044743e-23	   0.0000000e+00	   7.7845255e-23	  -2.9119386e-23	   0.0000000e+00	   5.5303007e-22	   6.8164129e-23	   0.0000000e+00	
  -5.8023261e-22	  -3.2643074e-23	   0.0000000e+00	   1.1786788e-22	  -2.4353512e-23	   0.0000000e+00	   4.6236473e-22	   5.6996586e-23	   0.0000000e+00	
  -6.1090214e-22	  -3.4052570e-23	   0.0000000e+00	   1.2877851e-22	  -2.5379994e-23	   0.0000000e+00	   4.8212363e-22	   5.9432564e-23	   0.0000000e+00	
  -5.9872879e-22	  -3.2540788e-23	   0.0000000e+00	   1.3800032e-22	  -2.4261388e-23	   0.0000000e+00	   4.6072847e-22	   5.6802176e-23	   0.0000000e+00	
  -6.0081244e-22	  -3.4404030e-23	   0.0000000e+00	   1.1357875e-22	  -2.5654936e-23	   0.0000000e+00	   4.8723369e-22	   6.0058966e-23	   0.0000000e+00	
  -5.6973221e-22	  -3.3854491e-23	   0.0000000e+00	   9.0017336e-23	  -2.5275427e-23	   0.0000000e+00	   4.7971487e-22	   5.9129917e-23	   0.0000000e+00	
  -6.2407540e-22	  -3.9158096e-23	   0.0000000e+00	   6.9350501e-23	  -2.9214664e-23	   0.0000000e+00	   5.5472490e-22	   6.8372760e-23	   0.0000000e+00	
  -6.0758380e-22	  -3.4687656e-23	   0.0000000e+00	   1.1638157e-22	  -2.5860623e-23	   0.0000000e+00	   4.9120223e-22	   6.0548279e-23	   0.0000000e+00	
  -6.0870085e-22	  -3.4155095e-23	   0.0000000e+00	   1.2509426e-22	  -2.5459215e-23	   0.0000000e+00	   4.8360659e-22	   5.9614310e-23	   0.0000000e+00	
  -6.2805671e-22	  -3.7404688e-23	   0.0000000e+00	   9.8371491e-23	  -2.7883423e-23	   0.0000000e+00	   5.2968522e-22	   6.5288110e-23	   0.0000000e+00	
  -6.1794014e-22	  -3.8222243e-23	   0.0000000e+00	   7.6487396e-23	  -2.8515043e-23	   0.0000000e+00	   5.4145275e-22	   6.6737286e-23	   0.0000000e+00	
  -5.9184479e-22	  -3.3534692e-23	   0.0000000e+00	   1.1689935e-22	  -2.5011149e-23	   0.0000000e+00	   4.7494544e-22	   5.8545841e-23	   0.0000000e+00	
  -5.7201167e-22	  -3.4617849e-23	   0.0000000e+00	   8.1444740e-23	  -2.5848704e-23	   0.0000000e+00	   4.9056693e-22	   6.0466553e-23	   0.0000000e+00	
  -6.1170293e-22	  -3.4799110e-23	   0.0000000e+00	   1.1895715e-22	  -2.5939725e-23	   0.0000000e+00	   4.9274578e-22	   6.0738835e-23	   0.0000000e+00	
  -5.9179564e-22	  -3.5290817e-23	   0.0000000e+00	   9.1837743e-23	  -2.6333644e-23	   0.0000000e+00	   4.9995790e-22	   6.1624461e-23	   0.0000000e+00	
  -6.3567413e-22	  -3.5893328e-23	   0.0000000e+00	   1.2760969e-22	  -2.6733960e-23	   0.0000000e+00	   5.0806444e-22	   6.2627288e-23	   0.0000000e+00	
  -5.9767605e-22	  -3.5694440e-23	   0.0000000e+00	   9.2028411e-23	  -2.6631160e-23	   0.0000000e+00	   5.0564764e-22	   6.2325600e-23	   0.0000000e+00	
  -6.0074411e-22	  -3.5917716e-23	   0.0000000e+00	   9.1947420e-23	  -2.6795928e-23	   0.0000000e+00	   5.0879669e-22	   6.2713644e-23	   0.0000000e+00	
  -6.0374692e-22	  -3.6482485e-23	   0.0000000e+00	   8.6934646e-23	  -2.7218628e-23	   0.0000000e+00	   5.1681227e-22	   6.3701113e-23	   0.0000000e+00	
  -6.4236388e-22	  -3.6255749e-23	   0.0000000e+00	   1.2921490e-22	  -2.6998134e-23	   0.0000000e+00	   5.1314898e-22	   6.3253883e-23	   0.0000000e+00	
  -6.1681020e-22	  -3.6122281e-23	   0.0000000e+00	   1.0527188e-22	  -2.6930206e-23	   0.0000000e+00	   5.1153832e-22	   6.3052487e-23	   0.0000000e+00	
  -5.9231101e-22	  -3.7537189e-23	   0.0000000e+00	   6.0346024e-23	  -2.8030326e-23	   0.0000000e+00	   5.3196498e-22	   6.5567516e-23	   0.0000000e+00	
  -5.7631504e-22	  -3.4994917e-23	   0.0000000e+00	   8.0417964e-23	  -2.6128416e-23	   0.0000000e+00	   4.9589708e-22	   6.1123332e-23	   0.0000000e+00	
  -6.2990140e-22	  -3.6504669e-23	   0.0000000e+00	   1.1306190e-22	  -2.7201743e-23	   0.0000000e+00	   5.1683949e-22	   6.3706412e-23	   0.0000000e+00	
  -6.1409622e-22	  -3.6247185e-23	   0.0000000e+00	   1.0074855e-22	  -2.7027877e-23	   0.0000000e+00	   5.1334766e-22	   6.3275062e-23	   0.0000000e+00	
  -5.8828536e-22	  -3.2221443e-23	   0.0000000e+00	   1.3199925e-22	  -2.4031369e-23	   0.0000000e+00	   4.5628611e-22	   5.6252812e-23	   0.0000000e+00	
  -5.9196663e-22	  -3.6654188e-23	   0.0000000e+00	   7.2583586e-23	  -2.7363095e-23	   0.0000000e+00	   5.1938304e-22	   6.4017284e-23	   0.0000000e+00	
  -5.8605719e-22	  -3.4823144e-23	   0.0000000e+00	   9.2703686e-23	  -2.5987562e-23	   0.0000000e+00	   4.9335350e-22	   6.0810706e-23	   0.0000000e+00	
  -6.1655183e-22	  -3.6403125e-23	   0.0000000e+00	   1.0100927e-22	  -2.7142418e-23	   0.0000000e+00	   5.1554255e-22	   6.3545542e-23	   0.0000000e+00	
  -5.6808084e-22	  -3.5047261e-23	   0.0000000e+00	   7.1358176e-23	  -2.6177358e-23	   0.0000000e+00	   4.9672266e-22	   6.1224619e-23	   0.0000000e+00	
  -6.2452661e-22	  -3.8074502e-23	   0.0000000e+00	   8.5254390e-23	  -2.8394385e-23	   0.0000000e+00	   5.3927222e-22	   6.6468887e-23	   0.0000000e+00	
  -6.0095619e-22	  -3.4238771e-23	   0.0000000e+00	   1.1607745e-22	  -2.5530489e-23	   0.0000000e+00	   4.8487874e-22	   5.9769259e-23	   0.0000000e+00	
  -5.7437652e-22	  -3.4044127e-23	   0.0000000e+00	   9.2004964e-23	  -2.5413316e-23	   0.0000000e+00	   4.8237155e-22	   5.9457442e-23	   0.0000000e+00	
  -5.9278599e-22	  -3.4890271e-23	   0.0000000e+00	   9.8544263e-23	  -2.6030371e-23	   0.0000000e+00	   4.9424173e-22	   6.0920642e-23	   0.0000000e+00	
  -6.2086216e-22	  -3.5252784e-23	   0.0000000e+00	   1.2175438e-22	  -2.6270213e-23	   0.0000000e+00	   4.9910778e-22	   6.1522998e-23	   0.0000000e+00	
  -6.4094773e-22	  -3.7149138e-23	   0.0000000e+00	   1.1505424e-22	  -2.7673040e-23	   0.0000000e+00	   5.2589349e-22	   6.4822178e-23	   0.0000000e+00	
  -5.8545845e-22	  -3.5554662e-23	   0.0000000e+00	   8.1677117e-23	  -2.6540334e-23	   0.0000000e+00	   5.0378133e-22	   6.2094995e-23	   0.0000000e+00	
  -5.8276428e-22	  -3.2125053e-23	   0.0000000e+00	   1.2779711e-22	  -2.3963741e-23	   0.0000000e+00	   4.5496717e-22	   5.6088794e-23	   0.0000000e+00	
  -6.2874243e-22	  -3.8306838e-23	   0.0000000e+00	   8.6206886e-23	  -2.8564252e-23	   0.0000000e+00	   5.4253555e-22	   6.6871091e-23	   0.0000000e+00	
  -5.8309314e-22	  -3.5382460e-23	   0.0000000e+00	   8.1741598e-23	  -2.6413110e-23	   0.0000000e+00	   5.0135154e-22	   6.1795570e-23	   0.0000000e+00	
  -6.2425516e-22	  -3.6122919e-23	   0.0000000e+00	   1.1279046e-22	  -2.6921234e-23	   0.0000000e+00	   5.1146471e-22	   6.3044153e-23	   0.0000000e+00	
  -5.9108230e-22	  -3.5087078e-23	   0.0000000e+00	   9.4019639e-23	  -2.6180782e-23	   0.0000000e+00	   4.9706266e-22	   6.1267860e-23	   0.0000000e+00	
  -6.2490662e-22	  -3.6848275e-23	   0.0000000e+00	   1.0311453e-22	  -2.7467514e-23	   0.0000000e+00	   5.2179209e-22	   6.4315789e-23	   0.0000000e+00	
  -5.8168914e-22	  -3.5534787e-23	   0.0000000e+00	   7.8153183e-23	  -2.6529790e-23	   0.0000000e+00	   5.0353595e-22	   6.2064577e-23	   0.0000000e+00	
  -5.9605974e-22	  -3.4619801e-23	   0.0000000e+00	   1.0570406e-22	  -2.5822761e-23	   0.0000000e+00	   4.9035568e-22	   6.0442562e-23	   0.0000000e+00	
  -6.1145993e-22	  -3.5040330e-23	   0.0000000e+00	   1.1527601e-22	  -2.6121495e-23	   0.0000000e+00	   4.9618392e-22	   6.1161825e-23	   0.0000000e+00	
  -6.5175660e-22	  -4.0444469e-23	   0.0000000e+00	   7.9020322e-23	  -3.0148325e-23	   0.0000000e+00	   5.7273628e-22	   7.0592795e-23	   0.0000000e+00	
  -5.9802415e-22	  -3.5889562e-23	   0.0000000e+00	   8.9600065e-23	  -2.6778018e-23	   0.0000000e+00	   5.0842409e-22	   6.2667580e-23	   0.0000000e+00	
  -6.1062951e-22	  -3.5244964e-23	   0.0000000e+00	   1.1152200e-22	  -2.6276558e-23	   0.0000000e+00	   4.9910752e-22	   6.1521521e-23	   0.0000000e+00	
  -5.8507445e-22	  -3.4831857e-23	   0.0000000e+00	   9.1586996e-23	  -2.5995269e-23	   0.0000000e+00	   4.9348746e-22	   6.0827126e-23	   0.0000000e+00	
  -5.9499259e-22	  -3.6894686e-23	   0.0000000e+00	   7.2213485e-23	  -2.7541112e-23	   0.0000000e+00	   5.2277911e-22	   6.4435798e-23	   0.0000000e+00	
  -6.0846739e-22	  -3.5444954e-23	   0.0000000e+00	   1.0648793e-22	  -2.6429853e-23	   0.0000000e+00	   5.0197946e-22	   6.1874807e-23	   0.0000000e+00	
  -6.3020278e-22	  -3.7258891e-23	   0.0000000e+00	   1.0261992e-22	  -2.7770427e-23	   0.0000000e+00	   5.2758286e-22	   6.5029319e-23	   0.0000000e+00	
  -6.2016233e-22	  -3.6669908e-23	   0.0000000e+00	   1.0085850e-22	  -2.7339101e-23	   0.0000000e+00	   5.1930383e-22	   6.4009010e-23	   0.0000000e+00	
  -5.8844067e-22	  -3.5744678e-23	   0.0000000e+00	   8.1982097e-23	  -2.6680257e-23	   0.0000000e+00	   5.0645857e-22	   6.2424935e-23	   0.0000000e+00	
  -6.0358640e-22	  -3.4257469e-23	   0.0000000e+00	   1.1846863e-22	  -2.5541648e-23	   0.0000000e+00	   4.8511778e-22	   5.9799116e-23	   0.0000000e+00	
  -6.2410013e-22	  -3.7718788e-23	   0.0000000e+00	   8.9893174e-23	  -2.8126084e-23	   0.0000000e+00	   5.3420695e-22	   6.5844872e-23	   0.0000000e+00	
